7530-428102
OS REV: 1.05 Sensor Cal: 1572940800
Time (sec),  Bat (Volts),   T (deg C),  PAR (umol/(s m^2))  Ax (g), Ay (g), Az (g)
1581365640, +3.55, +23.203,  +5.95380, +1084.000, -26.000, +172.000
1581365700, +3.55, +23.470,  +5.42429, +1063.000, -36.000, +208.000
1581365760, +3.55, +23.771,  +6.35016, +1012.000, +33.000, +275.000
1581365820, +3.54, +24.046,  +5.89806, +1011.000, +12.000, +235.000
1581365880, +3.54, +24.271,  +6.02193, +1105.000, +60.000, +88.000
1581365940, +3.54, +24.422,  +5.78968, +1104.000, +60.000, +96.000
1581366000, +3.54, +24.563,  +6.17985, +1103.000, +67.000, +80.000
1581366060, +3.54, +24.672,  +5.52647, +1103.000, +24.000, +92.000
1581366120, +3.54, +24.747,  +7.57331, +1103.000,  +3.000, +208.000
1581366180, +3.54, +24.830,  +7.53925, +1089.000, +12.000, +262.000
1581366240, +3.54, +24.888,  +7.31939, +1063.000, -32.000, +312.000
