7450-646496
OS REV: 1.05 Sensor Cal: 1573749572
Time (sec),  BV (Volts),  T (deg C),  DO (mg/l),  Q ()
1583533140,+3.46,+26.454, +7.921,+0.971
1583533200,+3.46,+26.487, +7.905,+0.970
1583533260,+3.45,+26.420, +7.921,+0.971
1583533320,+3.46,+25.938, +7.974,+0.971
1583533380,+3.46,+24.978, +8.088,+0.971
1583533440,+3.46,+24.122, +8.315,+0.970
1583533500,+3.46,+23.443, +8.537,+0.970
1583533560,+3.46,+22.824, +8.778,+0.970
1583533620,+3.46,+22.281, +8.998,+0.970
1583533680,+3.46,+21.771, +9.046,+0.970
1583533740,+3.46,+21.353, +8.964,+0.969
1583533800,+3.46,+20.977, +9.058,+0.969
1583533860,+3.46,+20.634, +9.149,+0.969
1583533920,+3.47,+20.308, +9.252,+0.968
1583533980,+3.47,+20.065, +9.274,+0.969
1583534040,+3.46,+19.839, +8.826,+0.968
1583534100,+3.46,+19.621, +9.189,+0.968
1583534160,+3.47,+19.395, +9.407,+0.968
1583534220,+3.47,+19.236, +9.438,+0.967
1583534280,+3.47,+19.093, +9.518,+0.968
1583534340,+3.47,+19.001, +9.436,+0.968
1583534400,+3.46,+18.908, +9.418,+0.968
1583534460,+3.46,+18.808, +9.201,+0.967
1583534520,+3.46,+18.749,+11.553,+0.970
1583534580,+3.46,+18.648,+12.010,+0.969
1583534640,+3.47,+18.463,+12.318,+0.969
1583534700,+3.47,+18.253,+12.602,+0.969
1583534760,+3.47,+18.042,+12.995,+0.969
1583534820,+3.46,+17.831,+12.705,+0.969
1583534880,+3.46,+17.468,+10.957,+0.967
1583534940,+3.47,+17.113,+10.601,+0.967
1583535000,+3.47,+16.918,+10.424,+0.968
1583535060,+3.47,+16.791,+10.326,+0.967
1583535120,+3.46,+16.715,+10.312,+0.967
1583535180,+3.46,+16.672,+10.258,+0.968
1583535240,+3.46,+16.647,+10.210,+0.968
1583535300,+3.46,+16.638, +9.863,+0.967
1583535360,+3.46,+16.621,+10.304,+0.968
1583535420,+3.46,+16.638,+10.374,+0.968
1583535480,+3.46,+16.604,+10.283,+0.967
1583535540,+3.46,+16.621,+10.281,+0.967
1583535600,+3.46,+16.613,+10.290,+0.967
1583535660,+3.46,+16.630,+10.301,+0.968
1583535720,+3.46,+16.638,+10.322,+0.967
1583535780,+3.46,+16.638,+10.342,+0.968
1583535840,+3.46,+16.664,+10.322,+0.967
1583535900,+3.46,+16.664,+10.345,+0.967
1583535960,+3.46,+16.681,+10.392,+0.967
1583536020,+3.46,+16.664,+10.431,+0.968
1583536080,+3.46,+16.664,+10.433,+0.967
1583536140,+3.46,+16.689,+10.454,+0.968
1583536200,+3.46,+16.689,+10.467,+0.967
1583536260,+3.46,+16.689,+10.456,+0.967
1583536320,+3.46,+16.689,+10.462,+0.967
1583536380,+3.46,+16.689,+10.476,+0.968
1583536440,+3.46,+16.706,+10.440,+0.967
1583536500,+3.46,+16.715,+10.423,+0.967
1583536560,+3.46,+16.732,+10.400,+0.967
1583536620,+3.46,+16.723,+10.371,+0.967
1583536680,+3.46,+16.740,+10.343,+0.967
1583536740,+3.46,+16.723,+10.317,+0.967
1583536800,+3.46,+16.732,+10.296,+0.967
1583536860,+3.46,+16.740,+10.276,+0.967
1583536920,+3.46,+16.723,+10.289,+0.967
1583536980,+3.46,+16.715,+10.324,+0.968
1583537040,+3.46,+16.706,+10.339,+0.967
1583537100,+3.46,+16.732,+10.307,+0.967
1583537160,+3.46,+16.723,+10.297,+0.967
1583537220,+3.46,+16.706,+10.308,+0.967
1583537280,+3.46,+16.715,+10.311,+0.968
1583537340,+3.46,+16.740,+10.295,+0.967
1583537400,+3.46,+16.732,+10.307,+0.968
1583537460,+3.46,+16.723,+10.293,+0.967
1583537520,+3.46,+16.732,+10.305,+0.967
1583537580,+3.46,+16.723,+10.302,+0.967
1583537640,+3.46,+16.740,+10.303,+0.967
1583537700,+3.46,+16.723,+10.295,+0.967
1583537760,+3.46,+16.749,+10.282,+0.967
1583537820,+3.46,+16.740,+10.286,+0.967
1583537880,+3.46,+16.723,+10.268,+0.967
1583537940,+3.46,+16.757,+10.255,+0.967
1583538000,+3.46,+16.791,+10.233,+0.967
1583538060,+3.46,+16.783,+10.241,+0.968
1583538120,+3.46,+16.783,+10.219,+0.967
1583538180,+3.46,+16.783,+10.169,+0.967
1583538240,+3.46,+16.808,+10.146,+0.967
1583538300,+3.46,+16.791,+10.156,+0.967
1583538360,+3.46,+16.800,+10.160,+0.968
1583538420,+3.46,+16.817,+10.140,+0.967
1583538480,+3.46,+16.808,+10.144,+0.967
1583538540,+3.46,+16.808,+10.151,+0.968
1583538600,+3.46,+16.817,+10.127,+0.967
1583538660,+3.46,+16.808,+10.120,+0.967
1583538720,+3.46,+16.791,+10.127,+0.968
1583538780,+3.46,+16.808,+10.118,+0.968
1583538840,+3.46,+16.808,+10.100,+0.967
1583538900,+3.46,+16.808,+10.109,+0.967
1583538960,+3.46,+16.800,+10.108,+0.967
1583539020,+3.46,+16.783,+10.104,+0.967
1583539080,+3.46,+16.757,+10.136,+0.967
1583539140,+3.46,+16.732,+10.149,+0.967
1583539200,+3.46,+16.698,+10.153,+0.967
1583539260,+3.46,+16.681,+10.152,+0.967
1583539320,+3.46,+16.664,+10.147,+0.967
1583539380,+3.46,+16.647,+10.173,+0.968
1583539440,+3.46,+16.638,+10.147,+0.966
1583539500,+3.46,+16.613,+10.167,+0.967
1583539560,+3.46,+16.596,+10.171,+0.968
1583539620,+3.46,+16.613,+10.155,+0.967
1583539680,+3.46,+16.604,+10.152,+0.967
1583539740,+3.46,+16.638,+10.134,+0.967
1583539800,+3.46,+16.596,+10.130,+0.967
1583539860,+3.46,+16.579,+10.132,+0.967
1583539920,+3.46,+16.587,+10.108,+0.967
1583539980,+3.46,+16.570,+10.128,+0.968
1583540040,+3.46,+16.570,+10.127,+0.968
1583540100,+3.46,+16.570,+10.103,+0.967
1583540160,+3.46,+16.562,+10.106,+0.967
1583540220,+3.46,+16.570,+10.120,+0.968
1583540280,+3.46,+16.579,+10.119,+0.967
1583540340,+3.46,+16.570,+10.125,+0.967
1583540400,+3.46,+16.570,+10.133,+0.967
1583540460,+3.46,+16.570,+10.136,+0.968
1583540520,+3.46,+16.553,+10.123,+0.967
1583540580,+3.46,+16.553,+10.113,+0.967
1583540640,+3.46,+16.579,+10.097,+0.967
1583540700,+3.46,+16.579,+10.086,+0.966
1583540760,+3.46,+16.562,+10.105,+0.967
1583540820,+3.46,+16.587,+10.101,+0.967
1583540880,+3.46,+16.570,+10.108,+0.967
1583540940,+3.45,+16.570,+10.102,+0.967
1583541000,+3.45,+16.562,+10.103,+0.967
1583541060,+3.45,+16.570,+10.107,+0.968
1583541120,+3.45,+16.570,+10.090,+0.967
1583541180,+3.45,+16.579,+10.091,+0.967
1583541240,+3.45,+16.562,+10.109,+0.967
1583541300,+3.45,+16.579,+10.101,+0.968
1583541360,+3.45,+16.587,+10.083,+0.967
1583541420,+3.45,+16.587,+10.083,+0.967
1583541480,+3.45,+16.562,+10.100,+0.967
1583541540,+3.45,+16.579,+10.079,+0.967
1583541600,+3.45,+16.579,+10.076,+0.967
1583541660,+3.45,+16.562,+10.082,+0.967
1583541720,+3.45,+16.562,+10.081,+0.967
1583541780,+3.45,+16.562,+10.070,+0.967
1583541840,+3.45,+16.570,+10.065,+0.967
1583541900,+3.45,+16.553,+10.072,+0.967
1583541960,+3.45,+16.545,+10.062,+0.967
1583542020,+3.45,+16.553,+10.050,+0.967
1583542080,+3.45,+16.553,+10.048,+0.967
1583542140,+3.45,+16.528,+10.048,+0.967
1583542200,+3.45,+16.528,+10.066,+0.968
1583542260,+3.45,+16.494,+10.081,+0.967
1583542320,+3.45,+16.519,+10.078,+0.967
1583542380,+3.45,+16.502,+10.099,+0.967
1583542440,+3.45,+16.485,+10.102,+0.967
1583542500,+3.45,+16.485,+10.122,+0.968
1583542560,+3.45,+16.460,+10.117,+0.967
1583542620,+3.45,+16.460,+10.128,+0.967
1583542680,+3.45,+16.443,+10.136,+0.966
1583542740,+3.45,+16.443,+10.170,+0.968
1583542800,+3.45,+16.443,+10.162,+0.967
1583542860,+3.45,+16.426,+10.141,+0.967
1583542920,+3.45,+16.426,+10.113,+0.967
1583542980,+3.45,+16.383,+10.090,+0.966
1583543040,+3.45,+16.349,+10.069,+0.968
1583543100,+3.45,+16.307,+10.040,+0.967
1583543160,+3.45,+16.298,+10.018,+0.967
1583543220,+3.46,+16.256,+10.005,+0.967
1583543280,+3.46,+16.239, +9.994,+0.967
1583543340,+3.46,+16.239, +9.971,+0.967
1583543400,+3.46,+16.213, +9.934,+0.966
1583543460,+3.46,+16.170, +9.943,+0.967
1583543520,+3.46,+16.170, +9.933,+0.967
1583543580,+3.46,+16.153, +9.936,+0.967
1583543640,+3.46,+16.136, +9.923,+0.966
1583543700,+3.46,+16.153, +9.916,+0.967
1583543760,+3.46,+16.119, +9.924,+0.967
1583543820,+3.46,+16.119, +9.925,+0.967
1583543880,+3.46,+16.111, +9.920,+0.967
1583543940,+3.46,+16.085, +9.929,+0.967
1583544000,+3.46,+16.068, +9.920,+0.967
1583544060,+3.46,+16.077, +9.914,+0.967
1583544120,+3.46,+16.077, +9.914,+0.967
1583544180,+3.46,+16.077, +9.909,+0.967
1583544240,+3.46,+16.043, +9.911,+0.967
1583544300,+3.46,+16.051, +9.890,+0.966
1583544360,+3.46,+16.060, +9.889,+0.966
1583544420,+3.46,+16.060, +9.874,+0.966
1583544480,+3.46,+16.043, +9.885,+0.967
1583544540,+3.46,+16.051, +9.882,+0.967
1583544600,+3.46,+16.043, +9.886,+0.967
1583544660,+3.46,+16.034, +9.873,+0.967
1583544720,+3.46,+16.034, +9.872,+0.967
1583544780,+3.46,+16.026, +9.875,+0.967
1583544840,+3.46,+16.034, +9.847,+0.966
1583544900,+3.46,+16.026, +9.867,+0.967
1583544960,+3.46,+16.034, +9.862,+0.966
1583545020,+3.46,+16.043, +9.881,+0.967
1583545080,+3.46,+16.043, +9.864,+0.966
1583545140,+3.46,+16.043, +9.860,+0.967
1583545200,+3.46,+16.017, +9.869,+0.967
1583545260,+3.46,+16.026, +9.859,+0.967
1583545320,+3.45,+16.060, +9.875,+0.966
1583545380,+3.46,+16.034, +9.893,+0.966
1583545440,+3.45,+16.051, +9.895,+0.966
1583545500,+3.45,+16.051, +9.886,+0.967
1583545560,+3.45,+16.051, +9.882,+0.967
1583545620,+3.45,+16.051, +9.866,+0.967
1583545680,+3.45,+16.043, +9.862,+0.967
1583545740,+3.45,+16.034, +9.830,+0.966
1583545800,+3.45,+16.043, +9.822,+0.966
1583545860,+3.45,+16.034, +9.839,+0.967
1583545920,+3.45,+16.043, +9.824,+0.967
1583545980,+3.45,+16.034, +9.859,+0.967
1583546040,+3.45,+16.043, +9.857,+0.967
1583546100,+3.45,+16.034, +9.859,+0.967
1583546160,+3.45,+16.034, +9.854,+0.967
1583546220,+3.45,+16.017, +9.856,+0.966
1583546280,+3.45,+16.043, +9.850,+0.967
1583546340,+3.45,+16.017, +9.849,+0.967
1583546400,+3.45,+16.034, +9.830,+0.967
1583546460,+3.45,+16.009, +9.833,+0.966
1583546520,+3.45,+16.034, +9.827,+0.967
1583546580,+3.45,+16.026, +9.790,+0.966
1583546640,+3.45,+16.043, +9.809,+0.967
1583546700,+3.45,+16.034, +9.793,+0.967
1583546760,+3.45,+16.026, +9.797,+0.967
1583546820,+3.45,+16.017, +9.788,+0.967
1583546880,+3.45,+16.009, +9.787,+0.967
1583546940,+3.45,+16.026, +9.779,+0.967
1583547000,+3.45,+16.043, +9.775,+0.967
1583547060,+3.45,+16.026, +9.772,+0.966
1583547120,+3.45,+16.026, +9.782,+0.966
1583547180,+3.45,+16.034, +9.794,+0.967
1583547240,+3.45,+16.034, +9.815,+0.967
1583547300,+3.45,+16.026, +9.813,+0.967
1583547360,+3.45,+16.043, +9.814,+0.967
1583547420,+3.45,+16.051, +9.787,+0.966
1583547480,+3.45,+16.034, +9.798,+0.967
1583547540,+3.45,+16.034, +9.790,+0.967
1583547600,+3.45,+16.034, +9.801,+0.967
1583547660,+3.45,+16.051, +9.795,+0.967
1583547720,+3.45,+16.068, +9.776,+0.966
1583547780,+3.45,+16.060, +9.774,+0.966
1583547840,+3.45,+16.051, +9.739,+0.966
1583547900,+3.45,+16.068, +9.719,+0.967
1583547960,+3.45,+16.068, +9.678,+0.966
1583548020,+3.45,+16.077, +9.671,+0.967
1583548080,+3.45,+16.077, +9.652,+0.967
1583548140,+3.45,+16.077, +9.613,+0.967
1583548200,+3.45,+16.077, +9.600,+0.967
1583548260,+3.45,+16.102, +9.585,+0.966
1583548320,+3.45,+16.111, +9.581,+0.966
1583548380,+3.45,+16.102, +9.607,+0.967
1583548440,+3.45,+16.119, +9.564,+0.967
1583548500,+3.45,+16.085, +9.564,+0.967
1583548560,+3.45,+16.085, +9.566,+0.967
1583548620,+3.45,+16.102, +9.551,+0.966
1583548680,+3.45,+16.094, +9.590,+0.967
1583548740,+3.45,+16.068, +9.618,+0.967
1583548800,+3.45,+16.077, +9.641,+0.967
1583548860,+3.45,+16.060, +9.649,+0.966
1583548920,+3.45,+16.043, +9.662,+0.966
1583548980,+3.45,+16.034, +9.675,+0.967
1583549040,+3.45,+16.051, +9.654,+0.966
1583549100,+3.45,+16.026, +9.667,+0.966
1583549160,+3.45,+16.026, +9.666,+0.966
1583549220,+3.45,+16.034, +9.685,+0.967
1583549280,+3.45,+16.034, +9.680,+0.966
1583549340,+3.45,+16.034, +9.692,+0.967
1583549400,+3.45,+16.026, +9.686,+0.966
1583549460,+3.45,+16.034, +9.687,+0.967
1583549520,+3.45,+16.043, +9.678,+0.966
1583549580,+3.45,+16.043, +9.690,+0.967
1583549640,+3.45,+16.060, +9.683,+0.967
1583549700,+3.45,+16.077, +9.669,+0.967
1583549760,+3.45,+16.068, +9.660,+0.967
1583549820,+3.45,+16.077, +9.646,+0.967
1583549880,+3.45,+16.077, +9.643,+0.967
1583549940,+3.45,+16.068, +9.637,+0.967
1583550000,+3.45,+16.085, +9.629,+0.966
1583550060,+3.45,+16.068, +9.632,+0.966
1583550120,+3.45,+16.085, +9.642,+0.967
1583550180,+3.45,+16.102, +9.620,+0.966
1583550240,+3.45,+16.102, +9.614,+0.966
1583550300,+3.45,+16.094, +9.628,+0.967
1583550360,+3.45,+16.102, +9.620,+0.967
1583550420,+3.45,+16.094, +9.608,+0.967
1583550480,+3.45,+16.102, +9.600,+0.967
1583550540,+3.45,+16.102, +9.635,+0.967
1583550600,+3.45,+16.102, +9.631,+0.966
1583550660,+3.45,+16.119, +9.613,+0.967
1583550720,+3.45,+16.128, +9.602,+0.967
1583550780,+3.45,+16.119, +9.601,+0.967
1583550840,+3.45,+16.119, +9.625,+0.967
1583550900,+3.45,+16.119, +9.640,+0.967
1583550960,+3.45,+16.136, +9.633,+0.967
1583551020,+3.45,+16.153, +9.641,+0.966
1583551080,+3.45,+16.162, +9.645,+0.967
1583551140,+3.45,+16.136, +9.610,+0.966
1583551200,+3.45,+16.162, +9.613,+0.966
1583551260,+3.45,+16.162, +9.593,+0.966
1583551320,+3.45,+16.170, +9.595,+0.967
1583551380,+3.45,+16.162, +9.592,+0.967
1583551440,+3.45,+16.179, +9.574,+0.967
1583551500,+3.45,+16.196, +9.564,+0.966
1583551560,+3.45,+16.179, +9.559,+0.966
1583551620,+3.45,+16.162, +9.527,+0.966
1583551680,+3.45,+16.170, +9.536,+0.967
1583551740,+3.45,+16.188, +9.560,+0.967
1583551800,+3.45,+16.170, +9.609,+0.967
1583551860,+3.45,+16.188, +9.609,+0.967
1583551920,+3.45,+16.179, +9.605,+0.966
1583551980,+3.45,+16.196, +9.607,+0.966
1583552040,+3.45,+16.196, +9.610,+0.966
1583552100,+3.45,+16.205, +9.574,+0.966
1583552160,+3.45,+16.205, +9.537,+0.967
1583552220,+3.45,+16.196, +9.487,+0.967
1583552280,+3.45,+16.196, +9.450,+0.966
1583552340,+3.45,+16.222, +9.440,+0.965
1583552400,+3.45,+16.239, +9.471,+0.967
1583552460,+3.45,+16.247, +9.463,+0.967
1583552520,+3.45,+16.247, +9.467,+0.966
1583552580,+3.45,+16.239, +9.458,+0.966
1583552640,+3.45,+16.222, +9.443,+0.967
1583552700,+3.45,+16.230, +9.448,+0.966
1583552760,+3.45,+16.213, +9.514,+0.967
1583552820,+3.45,+16.205, +9.557,+0.967
1583552880,+3.45,+16.205, +9.566,+0.967
1583552940,+3.45,+16.205, +9.564,+0.967
1583553000,+3.45,+16.213, +9.581,+0.966
1583553060,+3.45,+16.213, +9.580,+0.967
1583553120,+3.45,+16.188, +9.558,+0.966
1583553180,+3.45,+16.196, +9.543,+0.967
1583553240,+3.45,+16.188, +9.557,+0.967
1583553300,+3.45,+16.188, +9.544,+0.967
1583553360,+3.45,+16.179, +9.539,+0.967
1583553420,+3.45,+16.179, +9.560,+0.967
1583553480,+3.45,+16.196, +9.558,+0.966
1583553540,+3.45,+16.179, +9.557,+0.966
1583553600,+3.45,+16.188, +9.541,+0.967
1583553660,+3.45,+16.179, +9.528,+0.967
1583553720,+3.45,+16.196, +9.502,+0.967
1583553780,+3.45,+16.188, +9.487,+0.966
1583553840,+3.45,+16.162, +9.485,+0.966
1583553900,+3.45,+16.188, +9.479,+0.967
1583553960,+3.45,+16.196, +9.511,+0.967
1583554020,+3.45,+16.188, +9.520,+0.966
1583554080,+3.45,+16.196, +9.524,+0.966
1583554140,+3.45,+16.188, +9.604,+0.966
1583554200,+3.45,+16.196, +9.598,+0.966
1583554260,+3.45,+16.188, +9.532,+0.966
1583554320,+3.45,+16.205, +9.520,+0.967
1583554380,+3.45,+16.188, +9.493,+0.966
1583554440,+3.45,+16.205, +9.493,+0.967
1583554500,+3.45,+16.188, +9.515,+0.967
1583554560,+3.45,+16.205, +9.536,+0.966
1583554620,+3.45,+16.188, +9.603,+0.967
1583554680,+3.45,+16.170, +9.589,+0.966
1583554740,+3.45,+16.179, +9.569,+0.966
1583554800,+3.45,+16.222, +9.563,+0.967
1583554860,+3.45,+16.188, +9.578,+0.966
1583554920,+3.45,+16.213, +9.591,+0.967
1583554980,+3.45,+16.196, +9.617,+0.966
1583555040,+3.45,+16.205, +9.616,+0.966
1583555100,+3.45,+16.205, +9.604,+0.966
1583555160,+3.45,+16.196, +9.608,+0.967
1583555220,+3.45,+16.196, +9.596,+0.967
1583555280,+3.45,+16.205, +9.596,+0.967
1583555340,+3.45,+16.213, +9.599,+0.967
1583555400,+3.45,+16.205, +9.595,+0.966
1583555460,+3.45,+16.205, +9.634,+0.967
1583555520,+3.45,+16.196, +9.653,+0.967
1583555580,+3.45,+16.196, +9.664,+0.967
1583555640,+3.45,+16.222, +9.686,+0.967
1583555700,+3.45,+16.205, +9.695,+0.967
1583555760,+3.45,+16.196, +9.667,+0.966
1583555820,+3.45,+16.179, +9.649,+0.966
1583555880,+3.45,+16.188, +9.633,+0.966
1583555940,+3.45,+16.205, +9.612,+0.966
1583556000,+3.45,+16.188, +9.610,+0.966
1583556060,+3.45,+16.196, +9.600,+0.966
1583556120,+3.45,+16.196, +9.589,+0.967
1583556180,+3.45,+16.196, +9.577,+0.966
1583556240,+3.45,+16.188, +9.586,+0.967
1583556300,+3.45,+16.188, +9.573,+0.966
1583556360,+3.45,+16.188, +9.567,+0.966
1583556420,+3.45,+16.213, +9.581,+0.966
1583556480,+3.45,+16.205, +9.595,+0.966
1583556540,+3.45,+16.196, +9.616,+0.967
1583556600,+3.45,+16.205, +9.655,+0.967
1583556660,+3.45,+16.205, +9.684,+0.967
1583556720,+3.45,+16.188, +9.696,+0.966
1583556780,+3.45,+16.213, +9.718,+0.967
1583556840,+3.45,+16.213, +9.709,+0.967
1583556900,+3.45,+16.196, +9.681,+0.967
1583556960,+3.45,+16.222, +9.655,+0.966
1583557020,+3.45,+16.196, +9.672,+0.967
1583557080,+3.45,+16.205, +9.664,+0.966
1583557140,+3.44,+16.196, +9.679,+0.966
1583557200,+3.44,+16.196, +9.643,+0.966
1583557260,+3.44,+16.205, +9.587,+0.966
1583557320,+3.45,+16.196, +9.608,+0.967
1583557380,+3.44,+16.196, +9.594,+0.967
1583557440,+3.44,+16.205, +9.551,+0.966
1583557500,+3.44,+16.188, +9.560,+0.966
1583557560,+3.44,+16.196, +9.580,+0.967
1583557620,+3.44,+16.205, +9.613,+0.966
1583557680,+3.44,+16.196, +9.637,+0.967
1583557740,+3.44,+16.188, +9.632,+0.967
1583557800,+3.45,+16.188, +9.615,+0.966
1583557860,+3.44,+16.196, +9.623,+0.967
1583557920,+3.44,+16.205, +9.619,+0.967
1583557980,+3.44,+16.196, +9.609,+0.966
1583558040,+3.44,+16.222, +9.589,+0.966
1583558100,+3.44,+16.196, +9.593,+0.966
1583558160,+3.44,+16.205, +9.586,+0.966
1583558220,+3.44,+16.213, +9.576,+0.966
1583558280,+3.44,+16.205, +9.610,+0.966
1583558340,+3.44,+16.222, +9.630,+0.967
1583558400,+3.44,+16.239, +9.651,+0.967
1583558460,+3.44,+16.230, +9.621,+0.967
1583558520,+3.44,+16.205, +9.636,+0.966
1583558580,+3.44,+16.196, +9.694,+0.967
1583558640,+3.44,+16.205, +9.665,+0.967
1583558700,+3.44,+16.222, +9.643,+0.966
1583558760,+3.44,+16.205, +9.646,+0.966
1583558820,+3.44,+16.213, +9.640,+0.966
1583558880,+3.44,+16.222, +9.651,+0.966
1583558940,+3.44,+16.222, +9.631,+0.966
1583559000,+3.44,+16.230, +9.640,+0.967
1583559060,+3.44,+16.239, +9.649,+0.966
1583559120,+3.44,+16.239, +9.655,+0.967
1583559180,+3.44,+16.222, +9.640,+0.966
1583559240,+3.44,+16.222, +9.649,+0.967
1583559300,+3.44,+16.222, +9.631,+0.967
1583559360,+3.44,+16.213, +9.587,+0.966
1583559420,+3.44,+16.213, +9.547,+0.966
1583559480,+3.44,+16.205, +9.549,+0.967
1583559540,+3.44,+16.222, +9.530,+0.966
1583559600,+3.44,+16.213, +9.563,+0.967
1583559660,+3.44,+16.213, +9.585,+0.967
1583559720,+3.44,+16.205, +9.591,+0.966
1583559780,+3.44,+16.196, +9.598,+0.967
1583559840,+3.44,+16.230, +9.547,+0.966
1583559900,+3.44,+16.222, +9.532,+0.967
1583559960,+3.44,+16.222, +9.495,+0.966
1583560020,+3.44,+16.230, +9.492,+0.966
1583560080,+3.44,+16.213, +9.542,+0.966
1583560140,+3.44,+16.230, +9.586,+0.966
1583560200,+3.44,+16.222, +9.628,+0.967
1583560260,+3.44,+16.222, +9.631,+0.967
1583560320,+3.44,+16.213, +9.577,+0.967
1583560380,+3.44,+16.213, +9.546,+0.967
1583560440,+3.44,+16.230, +9.501,+0.966
1583560500,+3.44,+16.222, +9.519,+0.967
1583560560,+3.44,+16.205, +9.550,+0.966
1583560620,+3.44,+16.205, +9.525,+0.966
1583560680,+3.44,+16.205, +9.530,+0.966
1583560740,+3.44,+16.205, +9.502,+0.966
1583560800,+3.44,+16.230, +9.526,+0.967
1583560860,+3.44,+16.222, +9.533,+0.966
1583560920,+3.44,+16.196, +9.549,+0.966
1583560980,+3.44,+16.222, +9.546,+0.966
1583561040,+3.44,+16.222, +9.526,+0.967
1583561100,+3.44,+16.205, +9.518,+0.966
1583561160,+3.44,+16.213, +9.541,+0.966
1583561220,+3.44,+16.222, +9.558,+0.967
1583561280,+3.44,+16.213, +9.546,+0.966
1583561340,+3.44,+16.213, +9.580,+0.967
1583561400,+3.44,+16.222, +9.584,+0.967
1583561460,+3.44,+16.213, +9.592,+0.967
1583561520,+3.44,+16.222, +9.585,+0.966
1583561580,+3.44,+16.205, +9.645,+0.967
1583561640,+3.44,+16.205, +9.722,+0.967
1583561700,+3.44,+16.213, +9.735,+0.966
1583561760,+3.44,+16.213, +9.747,+0.966
1583561820,+3.44,+16.205, +9.766,+0.967
1583561880,+3.44,+16.196, +9.744,+0.966
1583561940,+3.44,+16.213, +9.736,+0.967
1583562000,+3.44,+16.213, +9.731,+0.966
1583562060,+3.44,+16.213, +9.747,+0.966
1583562120,+3.44,+16.196, +9.749,+0.967
1583562180,+3.44,+16.213, +9.728,+0.966
1583562240,+3.44,+16.205, +9.701,+0.966
1583562300,+3.44,+16.196, +9.706,+0.966
1583562360,+3.44,+16.213, +9.692,+0.965
1583562420,+3.44,+16.205, +9.694,+0.966
1583562480,+3.44,+16.205, +9.690,+0.966
1583562540,+3.44,+16.196, +9.720,+0.966
1583562600,+3.44,+16.205, +9.719,+0.965
1583562660,+3.44,+16.196, +9.774,+0.966
1583562720,+3.44,+16.196, +9.765,+0.967
1583562780,+3.44,+16.162, +9.726,+0.966
1583562840,+3.44,+16.153, +9.698,+0.967
1583562900,+3.44,+16.153, +9.677,+0.966
1583562960,+3.44,+16.162, +9.650,+0.966
1583563020,+3.44,+16.153, +9.662,+0.967
1583563080,+3.44,+16.136, +9.646,+0.966
1583563140,+3.44,+16.136, +9.635,+0.966
1583563200,+3.44,+16.145, +9.618,+0.966
1583563260,+3.44,+16.128, +9.608,+0.966
1583563320,+3.44,+16.128, +9.632,+0.967
1583563380,+3.44,+16.111, +9.632,+0.967
1583563440,+3.44,+16.102, +9.621,+0.966
1583563500,+3.44,+16.111, +9.600,+0.966
1583563560,+3.44,+16.111, +9.600,+0.966
1583563620,+3.44,+16.102, +9.583,+0.966
1583563680,+3.44,+16.085, +9.572,+0.966
1583563740,+3.44,+16.077, +9.567,+0.966
1583563800,+3.44,+16.060, +9.580,+0.967
1583563860,+3.44,+16.060, +9.564,+0.966
1583563920,+3.44,+16.034, +9.615,+0.967
1583563980,+3.44,+16.051, +9.613,+0.966
1583564040,+3.44,+16.043, +9.606,+0.966
1583564100,+3.44,+16.034, +9.631,+0.966
1583564160,+3.44,+16.034, +9.645,+0.966
1583564220,+3.44,+16.034, +9.661,+0.966
1583564280,+3.44,+16.034, +9.670,+0.966
1583564340,+3.44,+16.034, +9.665,+0.966
1583564400,+3.44,+16.009, +9.673,+0.966
1583564460,+3.44,+16.026, +9.668,+0.966
1583564520,+3.44,+16.026, +9.665,+0.966
1583564580,+3.44,+16.000, +9.680,+0.966
1583564640,+3.44,+16.009, +9.675,+0.966
1583564700,+3.44,+15.991, +9.678,+0.966
1583564760,+3.44,+16.000, +9.673,+0.966
1583564820,+3.44,+16.000, +9.674,+0.966
1583564880,+3.44,+15.991, +9.679,+0.966
1583564940,+3.44,+15.991, +9.680,+0.966
1583565000,+3.44,+15.983, +9.687,+0.966
1583565060,+3.44,+16.000, +9.677,+0.966
1583565120,+3.44,+15.991, +9.693,+0.966
1583565180,+3.44,+15.983, +9.697,+0.966
1583565240,+3.44,+15.983, +9.696,+0.967
1583565300,+3.44,+15.974, +9.683,+0.966
1583565360,+3.44,+15.983, +9.677,+0.966
1583565420,+3.44,+15.974, +9.705,+0.966
1583565480,+3.44,+15.991, +9.720,+0.967
1583565540,+3.44,+15.966, +9.711,+0.966
1583565600,+3.44,+15.991, +9.707,+0.966
1583565660,+3.44,+15.991, +9.699,+0.966
1583565720,+3.44,+15.974, +9.709,+0.966
1583565780,+3.44,+15.983, +9.695,+0.966
1583565840,+3.44,+15.966, +9.705,+0.966
1583565900,+3.44,+15.983, +9.684,+0.966
1583565960,+3.44,+15.974, +9.693,+0.966
1583566020,+3.44,+15.974, +9.687,+0.966
1583566080,+3.44,+15.983, +9.688,+0.966
1583566140,+3.44,+15.974, +9.703,+0.966
1583566200,+3.44,+15.974, +9.703,+0.966
1583566260,+3.44,+15.974, +9.687,+0.965
1583566320,+3.44,+15.983, +9.706,+0.967
1583566380,+3.44,+15.974, +9.705,+0.966
1583566440,+3.44,+15.983, +9.719,+0.966
1583566500,+3.44,+15.974, +9.719,+0.966
1583566560,+3.44,+15.966, +9.725,+0.966
1583566620,+3.44,+15.966, +9.710,+0.965
1583566680,+3.44,+15.974, +9.705,+0.966
1583566740,+3.44,+15.966, +9.722,+0.966
1583566800,+3.44,+15.974, +9.710,+0.966
1583566860,+3.44,+15.957, +9.700,+0.966
1583566920,+3.44,+15.974, +9.677,+0.965
1583566980,+3.44,+15.966, +9.689,+0.966
1583567040,+3.44,+15.966, +9.695,+0.966
1583567100,+3.44,+15.983, +9.689,+0.966
1583567160,+3.44,+15.966, +9.698,+0.966
1583567220,+3.44,+15.991, +9.705,+0.967
1583567280,+3.44,+15.983, +9.718,+0.966
1583567340,+3.44,+15.966, +9.714,+0.966
1583567400,+3.44,+15.966, +9.692,+0.966
1583567460,+3.44,+15.966, +9.685,+0.966
1583567520,+3.44,+15.991, +9.666,+0.966
1583567580,+3.44,+15.983, +9.674,+0.966
1583567640,+3.44,+15.966, +9.652,+0.966
1583567700,+3.44,+15.974, +9.654,+0.966
1583567760,+3.44,+15.966, +9.653,+0.966
1583567820,+3.44,+15.991, +9.642,+0.966
1583567880,+3.44,+15.974, +9.650,+0.966
1583567940,+3.44,+15.974, +9.660,+0.967
1583568000,+3.44,+15.966, +9.662,+0.966
1583568060,+3.44,+15.966, +9.656,+0.966
1583568120,+3.44,+15.983, +9.650,+0.966
1583568180,+3.44,+15.983, +9.667,+0.966
1583568240,+3.44,+16.000, +9.674,+0.966
1583568300,+3.44,+15.983, +9.693,+0.966
1583568360,+3.44,+15.974, +9.685,+0.966
1583568420,+3.44,+15.966, +9.681,+0.966
1583568480,+3.44,+15.991, +9.646,+0.966
1583568540,+3.44,+15.974, +9.644,+0.966
1583568600,+3.44,+15.966, +9.638,+0.966
1583568660,+3.44,+15.983, +9.627,+0.966
1583568720,+3.44,+15.974, +9.619,+0.965
1583568780,+3.44,+15.991, +9.620,+0.967
1583568840,+3.44,+15.974, +9.614,+0.966
1583568900,+3.44,+15.966, +9.621,+0.966
1583568960,+3.44,+15.991, +9.604,+0.966
1583569020,+3.44,+15.983, +9.594,+0.966
1583569080,+3.44,+15.983, +9.591,+0.966
1583569140,+3.44,+15.983, +9.568,+0.965
1583569200,+3.44,+15.983, +9.567,+0.966
1583569260,+3.44,+15.983, +9.566,+0.966
1583569320,+3.44,+15.991, +9.537,+0.966
1583569380,+3.44,+15.983, +9.523,+0.966
1583569440,+3.44,+15.983, +9.499,+0.965
1583569500,+3.44,+15.991, +9.469,+0.966
1583569560,+3.44,+15.991, +9.443,+0.966
1583569620,+3.44,+16.000, +9.417,+0.966
1583569680,+3.44,+16.000, +9.398,+0.966
1583569740,+3.44,+16.009, +9.372,+0.966
1583569800,+3.44,+16.000, +9.368,+0.966
1583569860,+3.44,+16.017, +9.365,+0.966
1583569920,+3.44,+16.017, +9.340,+0.965
1583569980,+3.44,+15.991, +9.351,+0.966
1583570040,+3.44,+16.034, +9.350,+0.966
1583570100,+3.44,+16.026, +9.356,+0.966
1583570160,+3.44,+16.000, +9.355,+0.965
1583570220,+3.44,+16.009, +9.352,+0.966
1583570280,+3.44,+16.017, +9.341,+0.966
1583570340,+3.44,+16.034, +9.308,+0.965
1583570400,+3.44,+16.034, +9.298,+0.966
1583570460,+3.44,+16.017, +9.303,+0.966
1583570520,+3.44,+16.034, +9.278,+0.965
1583570580,+3.44,+16.034, +9.284,+0.966
1583570640,+3.44,+16.017, +9.264,+0.965
1583570700,+3.44,+16.034, +9.229,+0.966
1583570760,+3.44,+16.051, +9.203,+0.966
1583570820,+3.44,+16.043, +9.202,+0.966
1583570880,+3.44,+16.043, +9.189,+0.966
1583570940,+3.44,+16.060, +9.172,+0.966
1583571000,+3.44,+16.068, +9.160,+0.966
1583571060,+3.44,+16.068, +9.151,+0.966
1583571120,+3.44,+16.068, +9.154,+0.966
1583571180,+3.44,+16.085, +9.130,+0.966
1583571240,+3.44,+16.102, +9.108,+0.966
1583571300,+3.44,+16.111, +9.104,+0.966
1583571360,+3.44,+16.119, +9.100,+0.966
1583571420,+3.44,+16.085, +9.104,+0.966
1583571480,+3.44,+16.094, +9.096,+0.966
1583571540,+3.44,+16.111, +9.070,+0.965
1583571600,+3.44,+16.111, +9.060,+0.966
1583571660,+3.44,+16.136, +9.059,+0.966
1583571720,+3.44,+16.119, +9.058,+0.966
1583571780,+3.44,+16.111, +9.059,+0.965
1583571840,+3.44,+16.111, +9.062,+0.966
1583571900,+3.44,+16.136, +9.054,+0.966
1583571960,+3.44,+16.119, +9.041,+0.966
1583572020,+3.44,+16.128, +9.065,+0.966
1583572080,+3.44,+16.136, +9.073,+0.966
1583572140,+3.44,+16.145, +9.102,+0.966
1583572200,+3.44,+16.136, +9.095,+0.966
1583572260,+3.44,+16.153, +9.083,+0.967
1583572320,+3.44,+16.145, +9.079,+0.966
1583572380,+3.44,+16.145, +9.070,+0.965
1583572440,+3.44,+16.145, +9.069,+0.965
1583572500,+3.44,+16.162, +9.059,+0.966
1583572560,+3.44,+16.145, +9.056,+0.965
1583572620,+3.44,+16.145, +9.073,+0.966
1583572680,+3.44,+16.162, +9.090,+0.965
1583572740,+3.44,+16.145, +9.167,+0.966
1583572800,+3.44,+16.145, +9.154,+0.965
1583572860,+3.44,+16.153, +9.129,+0.966
1583572920,+3.44,+16.162, +9.151,+0.965
1583572980,+3.44,+16.136, +9.163,+0.965
1583573040,+3.44,+16.153, +9.184,+0.966
1583573100,+3.44,+16.153, +9.199,+0.966
1583573160,+3.44,+16.153, +9.227,+0.965
1583573220,+3.44,+16.162, +9.276,+0.966
1583573280,+3.44,+16.153, +9.321,+0.966
1583573340,+3.44,+16.153, +9.371,+0.966
1583573400,+3.44,+16.145, +9.383,+0.966
1583573460,+3.44,+16.136, +9.375,+0.966
1583573520,+3.44,+16.153, +9.377,+0.966
1583573580,+3.44,+16.153, +9.399,+0.965
1583573640,+3.44,+16.162, +9.402,+0.966
1583573700,+3.44,+16.145, +9.460,+0.966
1583573760,+3.44,+16.162, +9.463,+0.966
1583573820,+3.44,+16.136, +9.506,+0.966
1583573880,+3.44,+16.145, +9.500,+0.965
1583573940,+3.44,+16.153, +9.523,+0.966
1583574000,+3.44,+16.145, +9.545,+0.966
1583574060,+3.44,+16.153, +9.577,+0.965
1583574120,+3.44,+16.136, +9.621,+0.966
1583574180,+3.44,+16.153, +9.614,+0.966
1583574240,+3.44,+16.162, +9.606,+0.966
1583574300,+3.44,+16.136, +9.616,+0.966
1583574360,+3.44,+16.153, +9.598,+0.966
1583574420,+3.44,+16.145, +9.589,+0.965
1583574480,+3.44,+16.128, +9.602,+0.966
1583574540,+3.44,+16.136, +9.601,+0.966
1583574600,+3.44,+16.153, +9.601,+0.967
1583574660,+3.44,+16.153, +9.584,+0.966
1583574720,+3.44,+16.128, +9.587,+0.966
1583574780,+3.44,+16.162, +9.577,+0.966
1583574840,+3.44,+16.136, +9.578,+0.966
1583574900,+3.44,+16.145, +9.575,+0.966
1583574960,+3.44,+16.153, +9.587,+0.966
1583575020,+3.44,+16.145, +9.593,+0.966
1583575080,+3.44,+16.153, +9.600,+0.966
1583575140,+3.44,+16.128, +9.631,+0.966
1583575200,+3.44,+16.153, +9.616,+0.966
1583575260,+3.44,+16.136, +9.625,+0.966
1583575320,+3.44,+16.153, +9.615,+0.966
1583575380,+3.44,+16.162, +9.605,+0.965
1583575440,+3.44,+16.145, +9.668,+0.966
1583575500,+3.44,+16.153, +9.694,+0.966
1583575560,+3.44,+16.136, +9.699,+0.965
1583575620,+3.44,+16.145, +9.703,+0.966
1583575680,+3.44,+16.145, +9.694,+0.966
1583575740,+3.44,+16.153, +9.683,+0.966
1583575800,+3.44,+16.136, +9.701,+0.967
1583575860,+3.44,+16.153, +9.698,+0.966
1583575920,+3.44,+16.145, +9.726,+0.967
1583575980,+3.44,+16.145, +9.720,+0.966
1583576040,+3.44,+16.153, +9.699,+0.966
1583576100,+3.44,+16.136, +9.681,+0.966
1583576160,+3.44,+16.145, +9.648,+0.965
1583576220,+3.44,+16.128, +9.670,+0.966
1583576280,+3.44,+16.145, +9.651,+0.966
1583576340,+3.44,+16.136, +9.631,+0.966
1583576400,+3.44,+16.145, +9.635,+0.965
1583576460,+3.44,+16.128, +9.653,+0.966
1583576520,+3.44,+16.153, +9.623,+0.965
1583576580,+3.44,+16.136, +9.650,+0.966
1583576640,+3.44,+16.128, +9.639,+0.966
1583576700,+3.44,+16.145, +9.657,+0.967
1583576760,+3.44,+16.136, +9.633,+0.965
1583576820,+3.44,+16.145, +9.629,+0.966
1583576880,+3.44,+16.136, +9.615,+0.966
1583576940,+3.44,+16.145, +9.610,+0.966
1583577000,+3.44,+16.119, +9.614,+0.966
1583577060,+3.44,+16.128, +9.607,+0.966
1583577120,+3.44,+16.145, +9.614,+0.966
1583577180,+3.44,+16.145, +9.605,+0.965
1583577240,+3.44,+16.145, +9.624,+0.966
1583577300,+3.44,+16.136, +9.626,+0.966
1583577360,+3.44,+16.145, +9.629,+0.966
1583577420,+3.44,+16.145, +9.636,+0.966
1583577480,+3.44,+16.145, +9.640,+0.966
1583577540,+3.44,+16.153, +9.651,+0.966
1583577600,+3.44,+16.145, +9.680,+0.966
1583577660,+3.44,+16.119, +9.690,+0.966
1583577720,+3.44,+16.128, +9.689,+0.966
1583577780,+3.44,+16.136, +9.690,+0.966
1583577840,+3.44,+16.136, +9.693,+0.965
1583577900,+3.44,+16.153, +9.689,+0.966
1583577960,+3.44,+16.136, +9.705,+0.966
1583578020,+3.44,+16.145, +9.699,+0.966
1583578080,+3.44,+16.136, +9.687,+0.965
1583578140,+3.44,+16.145, +9.695,+0.966
1583578200,+3.44,+16.128, +9.693,+0.966
1583578260,+3.44,+16.136, +9.700,+0.967
1583578320,+3.44,+16.145, +9.686,+0.965
1583578380,+3.44,+16.145, +9.680,+0.966
1583578440,+3.44,+16.128, +9.696,+0.966
1583578500,+3.44,+16.119, +9.690,+0.966
1583578560,+3.44,+16.145, +9.686,+0.966
1583578620,+3.44,+16.145, +9.665,+0.966
1583578680,+3.44,+16.145, +9.667,+0.967
1583578740,+3.44,+16.128, +9.646,+0.966
1583578800,+3.44,+16.128, +9.632,+0.966
1583578860,+3.44,+16.145, +9.599,+0.966
1583578920,+3.44,+16.145, +9.585,+0.966
1583578980,+3.44,+16.128, +9.589,+0.966
1583579040,+3.44,+16.136, +9.577,+0.966
1583579100,+3.44,+16.136, +9.546,+0.966
1583579160,+3.44,+16.136, +9.559,+0.967
1583579220,+3.44,+16.128, +9.560,+0.966
1583579280,+3.44,+16.136, +9.554,+0.965
1583579340,+3.44,+16.128, +9.574,+0.966
1583579400,+3.44,+16.136, +9.573,+0.966
1583579460,+3.44,+16.136, +9.578,+0.966
1583579520,+3.44,+16.128, +9.586,+0.966
1583579580,+3.44,+16.136, +9.591,+0.966
1583579640,+3.44,+16.102, +9.610,+0.966
1583579700,+3.44,+16.111, +9.608,+0.966
1583579760,+3.44,+16.145, +9.589,+0.966
1583579820,+3.44,+16.128, +9.582,+0.966
1583579880,+3.44,+16.128, +9.576,+0.966
1583579940,+3.44,+16.145, +9.572,+0.966
1583580000,+3.44,+16.128, +9.582,+0.966
1583580060,+3.44,+16.128, +9.587,+0.966
1583580120,+3.44,+16.111, +9.587,+0.965
1583580180,+3.44,+16.119, +9.604,+0.966
1583580240,+3.44,+16.136, +9.606,+0.966
1583580300,+3.44,+16.119, +9.600,+0.966
1583580360,+3.44,+16.145, +9.584,+0.966
1583580420,+3.44,+16.136, +9.578,+0.966
1583580480,+3.44,+16.136, +9.553,+0.966
1583580540,+3.44,+16.119, +9.539,+0.966
1583580600,+3.44,+16.119, +9.517,+0.965
1583580660,+3.44,+16.128, +9.493,+0.966
1583580720,+3.44,+16.136, +9.456,+0.966
1583580780,+3.44,+16.128, +9.451,+0.965
1583580840,+3.44,+16.136, +9.462,+0.966
1583580900,+3.44,+16.136, +9.452,+0.966
1583580960,+3.44,+16.128, +9.439,+0.965
1583581020,+3.44,+16.119, +9.459,+0.966
1583581080,+3.44,+16.128, +9.456,+0.966
1583581140,+3.44,+16.119, +9.453,+0.965
1583581200,+3.44,+16.111, +9.464,+0.966
1583581260,+3.44,+16.128, +9.463,+0.965
1583581320,+3.44,+16.128, +9.461,+0.965
1583581380,+3.44,+16.136, +9.464,+0.966
1583581440,+3.44,+16.119, +9.445,+0.965
1583581500,+3.44,+16.128, +9.435,+0.966
1583581560,+3.44,+16.136, +9.435,+0.966
1583581620,+3.44,+16.102, +9.404,+0.965
1583581680,+3.44,+16.128, +9.360,+0.965
1583581740,+3.44,+16.136, +9.351,+0.965
1583581800,+3.44,+16.128, +9.357,+0.966
1583581860,+3.44,+16.136, +9.346,+0.966
1583581920,+3.44,+16.136, +9.335,+0.966
1583581980,+3.44,+16.119, +9.316,+0.966
1583582040,+3.44,+16.128, +9.312,+0.966
1583582100,+3.44,+16.145, +9.287,+0.965
1583582160,+3.44,+16.136, +9.302,+0.967
1583582220,+3.44,+16.128, +9.308,+0.966
1583582280,+3.44,+16.136, +9.289,+0.966
1583582340,+3.44,+16.128, +9.269,+0.965
1583582400,+3.44,+16.119, +9.296,+0.966
1583582460,+3.44,+16.136, +9.326,+0.966
1583582520,+3.44,+16.128, +9.345,+0.965
1583582580,+3.44,+16.128, +9.368,+0.966
1583582640,+3.44,+16.136, +9.382,+0.966
1583582700,+3.44,+16.128, +9.375,+0.966
1583582760,+3.44,+16.136, +9.377,+0.966
1583582820,+3.44,+16.128, +9.355,+0.965
1583582880,+3.44,+16.128, +9.342,+0.966
1583582940,+3.44,+16.128, +9.355,+0.966
1583583000,+3.44,+16.128, +9.361,+0.966
1583583060,+3.44,+16.136, +9.335,+0.965
1583583120,+3.44,+16.136, +9.344,+0.966
1583583180,+3.44,+16.111, +9.359,+0.965
1583583240,+3.44,+16.136, +9.385,+0.966
1583583300,+3.44,+16.119, +9.417,+0.966
1583583360,+3.44,+16.102, +9.442,+0.966
1583583420,+3.44,+16.136, +9.401,+0.966
1583583480,+3.44,+16.119, +9.376,+0.966
1583583540,+3.44,+16.145, +9.386,+0.966
1583583600,+3.44,+16.119, +9.398,+0.966
1583583660,+3.44,+16.128, +9.407,+0.966
1583583720,+3.44,+16.119, +9.411,+0.966
1583583780,+3.44,+16.128, +9.397,+0.966
1583583840,+3.44,+16.102, +9.393,+0.966
1583583900,+3.44,+16.128, +9.386,+0.966
1583583960,+3.44,+16.128, +9.397,+0.966
1583584020,+3.44,+16.111, +9.414,+0.966
1583584080,+3.44,+16.145, +9.403,+0.966
1583584140,+3.44,+16.119, +9.406,+0.966
1583584200,+3.44,+16.119, +9.414,+0.966
1583584260,+3.44,+16.119, +9.395,+0.966
1583584320,+3.44,+16.119, +9.381,+0.966
1583584380,+3.44,+16.136, +9.375,+0.966
1583584440,+3.44,+16.128, +9.379,+0.966
1583584500,+3.44,+16.136, +9.391,+0.966
1583584560,+3.44,+16.136, +9.377,+0.965
1583584620,+3.44,+16.136, +9.396,+0.966
1583584680,+3.44,+16.128, +9.393,+0.966
1583584740,+3.44,+16.119, +9.408,+0.966
1583584800,+3.44,+16.119, +9.406,+0.966
1583584860,+3.44,+16.128, +9.406,+0.966
1583584920,+3.44,+16.119, +9.388,+0.965
1583584980,+3.44,+16.119, +9.384,+0.965
1583585040,+3.44,+16.119, +9.420,+0.966
1583585100,+3.44,+16.119, +9.445,+0.966
1583585160,+3.44,+16.102, +9.458,+0.965
1583585220,+3.44,+16.111, +9.473,+0.966
1583585280,+3.44,+16.136, +9.450,+0.966
1583585340,+3.44,+16.119, +9.443,+0.966
1583585400,+3.44,+16.119, +9.429,+0.966
1583585460,+3.44,+16.128, +9.422,+0.966
1583585520,+3.44,+16.119, +9.424,+0.966
1583585580,+3.44,+16.119, +9.424,+0.966
1583585640,+3.44,+16.111, +9.420,+0.966
1583585700,+3.44,+16.128, +9.391,+0.966
1583585760,+3.44,+16.136, +9.388,+0.966
1583585820,+3.44,+16.111, +9.402,+0.966
1583585880,+3.44,+16.111, +9.399,+0.966
1583585940,+3.44,+16.119, +9.392,+0.966
1583586000,+3.44,+16.119, +9.377,+0.965
1583586060,+3.44,+16.119, +9.383,+0.966
1583586120,+3.44,+16.111, +9.384,+0.966
1583586180,+3.44,+16.119, +9.393,+0.966
1583586240,+3.44,+16.128, +9.394,+0.966
1583586300,+3.44,+16.119, +9.404,+0.966
1583586360,+3.44,+16.119, +9.407,+0.966
1583586420,+3.44,+16.119, +9.414,+0.966
1583586480,+3.44,+16.102, +9.415,+0.966
1583586540,+3.44,+16.102, +9.401,+0.966
1583586600,+3.44,+16.111, +9.398,+0.966
1583586660,+3.44,+16.111, +9.415,+0.965
1583586720,+3.44,+16.119, +9.431,+0.966
1583586780,+3.44,+16.111, +9.437,+0.966
1583586840,+3.44,+16.119, +9.427,+0.966
1583586900,+3.44,+16.119, +9.411,+0.966
1583586960,+3.44,+16.128, +9.415,+0.966
1583587020,+3.44,+16.119, +9.408,+0.966
1583587080,+3.44,+16.119, +9.415,+0.966
1583587140,+3.44,+16.128, +9.410,+0.965
1583587200,+3.44,+16.102, +9.432,+0.966
1583587260,+3.44,+16.128, +9.425,+0.966
1583587320,+3.44,+16.102, +9.424,+0.966
1583587380,+3.44,+16.111, +9.416,+0.965
1583587440,+3.44,+16.102, +9.420,+0.966
1583587500,+3.44,+16.119, +9.430,+0.966
1583587560,+3.44,+16.119, +9.423,+0.966
1583587620,+3.44,+16.119, +9.418,+0.966
1583587680,+3.44,+16.119, +9.423,+0.966
1583587740,+3.44,+16.111, +9.399,+0.966
1583587800,+3.44,+16.119, +9.385,+0.965
1583587860,+3.44,+16.119, +9.395,+0.966
1583587920,+3.44,+16.119, +9.384,+0.965
1583587980,+3.44,+16.119, +9.387,+0.966
1583588040,+3.44,+16.119, +9.403,+0.966
1583588100,+3.44,+16.119, +9.382,+0.965
1583588160,+3.44,+16.094, +9.398,+0.966
1583588220,+3.44,+16.119, +9.393,+0.966
1583588280,+3.44,+16.094, +9.402,+0.966
1583588340,+3.44,+16.119, +9.397,+0.966
1583588400,+3.44,+16.111, +9.396,+0.966
1583588460,+3.44,+16.119, +9.381,+0.966
1583588520,+3.44,+16.119, +9.375,+0.966
1583588580,+3.44,+16.102, +9.366,+0.966
1583588640,+3.44,+16.119, +9.356,+0.966
1583588700,+3.44,+16.102, +9.354,+0.966
1583588760,+3.44,+16.119, +9.326,+0.966
1583588820,+3.44,+16.119, +9.311,+0.966
1583588880,+3.44,+16.119, +9.281,+0.965
1583588940,+3.44,+16.102, +9.331,+0.966
1583589000,+3.44,+16.119, +9.308,+0.965
1583589060,+3.44,+16.111, +9.283,+0.966
1583589120,+3.44,+16.102, +9.297,+0.966
1583589180,+3.44,+16.128, +9.315,+0.966
1583589240,+3.44,+16.102, +9.309,+0.966
1583589300,+3.44,+16.111, +9.313,+0.966
1583589360,+3.44,+16.111, +9.293,+0.966
1583589420,+3.44,+16.111, +9.309,+0.966
1583589480,+3.44,+16.111, +9.328,+0.966
1583589540,+3.44,+16.111, +9.311,+0.966
1583589600,+3.44,+16.111, +9.307,+0.966
1583589660,+3.44,+16.111, +9.288,+0.966
1583589720,+3.44,+16.111, +9.305,+0.965
1583589780,+3.44,+16.111, +9.341,+0.966
1583589840,+3.44,+16.128, +9.332,+0.965
1583589900,+3.44,+16.111, +9.352,+0.966
1583589960,+3.44,+16.094, +9.360,+0.965
1583590020,+3.44,+16.102, +9.374,+0.966
1583590080,+3.44,+16.102, +9.384,+0.966
1583590140,+3.44,+16.094, +9.346,+0.966
1583590200,+3.44,+16.119, +9.335,+0.966
1583590260,+3.44,+16.119, +9.324,+0.965
1583590320,+3.44,+16.102, +9.369,+0.965
1583590380,+3.44,+16.094, +9.394,+0.966
1583590440,+3.44,+16.102, +9.396,+0.966
1583590500,+3.44,+16.102, +9.387,+0.966
1583590560,+3.44,+16.094, +9.387,+0.966
1583590620,+3.44,+16.111, +9.385,+0.966
1583590680,+3.44,+16.085, +9.407,+0.966
1583590740,+3.44,+16.119, +9.390,+0.965
1583590800,+3.44,+16.094, +9.386,+0.965
1583590860,+3.44,+16.102, +9.409,+0.965
1583590920,+3.44,+16.102, +9.421,+0.966
1583590980,+3.44,+16.111, +9.420,+0.966
1583591040,+3.44,+16.102, +9.424,+0.966
1583591100,+3.44,+16.102, +9.417,+0.966
1583591160,+3.44,+16.094, +9.411,+0.966
1583591220,+3.44,+16.111, +9.379,+0.965
1583591280,+3.44,+16.111, +9.399,+0.966
1583591340,+3.44,+16.119, +9.403,+0.966
1583591400,+3.44,+16.111, +9.412,+0.966
1583591460,+3.44,+16.102, +9.398,+0.966
1583591520,+3.44,+16.094, +9.384,+0.966
1583591580,+3.44,+16.102, +9.371,+0.965
1583591640,+3.44,+16.119, +9.395,+0.966
1583591700,+3.44,+16.102, +9.381,+0.965
1583591760,+3.44,+16.094, +9.388,+0.966
1583591820,+3.44,+16.119, +9.375,+0.965
1583591880,+3.44,+16.102, +9.379,+0.965
1583591940,+3.44,+16.119, +9.386,+0.966
1583592000,+3.44,+16.119, +9.374,+0.966
1583592060,+3.44,+16.102, +9.368,+0.966
1583592120,+3.44,+16.102, +9.335,+0.965
1583592180,+3.44,+16.111, +9.333,+0.966
1583592240,+3.44,+16.085, +9.339,+0.965
1583592300,+3.44,+16.119, +9.326,+0.966
1583592360,+3.44,+16.111, +9.320,+0.966
1583592420,+3.44,+16.102, +9.318,+0.965
1583592480,+3.44,+16.094, +9.332,+0.965
1583592540,+3.44,+16.102, +9.395,+0.966
1583592600,+3.44,+16.094, +9.474,+0.965
1583592660,+3.44,+16.094, +9.512,+0.966
1583592720,+3.44,+16.077, +9.519,+0.966
1583592780,+3.44,+16.068, +9.504,+0.966
1583592840,+3.44,+16.085, +9.501,+0.966
1583592900,+3.44,+16.068, +9.497,+0.965
1583592960,+3.44,+16.068, +9.517,+0.966
1583593020,+3.44,+16.060, +9.516,+0.965
1583593080,+3.44,+16.068, +9.532,+0.965
1583593140,+3.44,+16.060, +9.561,+0.966
1583593200,+3.44,+16.077, +9.608,+0.966
1583593260,+3.44,+16.068, +9.605,+0.966
1583593320,+3.44,+16.077, +9.615,+0.967
1583593380,+3.44,+16.051, +9.625,+0.967
1583593440,+3.44,+16.077, +9.618,+0.967
1583593500,+3.44,+16.068, +9.622,+0.966
1583593560,+3.44,+16.051, +9.613,+0.966
1583593620,+3.44,+16.060, +9.620,+0.967
1583593680,+3.44,+16.068, +9.607,+0.966
1583593740,+3.44,+16.068, +9.623,+0.966
1583593800,+3.44,+16.077, +9.615,+0.966
1583593860,+3.44,+16.060, +9.618,+0.966
1583593920,+3.44,+16.060, +9.615,+0.966
1583593980,+3.44,+16.068, +9.596,+0.965
1583594040,+3.44,+16.051, +9.541,+0.966
1583594100,+3.44,+16.051, +9.407,+0.966
1583594160,+3.44,+16.068, +9.357,+0.967
1583594220,+3.44,+16.060, +9.271,+0.965
1583594280,+3.44,+16.077, +9.346,+0.966
1583594340,+3.44,+16.068, +9.483,+0.965
1583594400,+3.44,+16.077, +9.457,+0.966
1583594460,+3.44,+16.077, +9.406,+0.966
1583594520,+3.44,+16.068, +9.368,+0.966
1583594580,+3.44,+16.060, +9.330,+0.966
1583594640,+3.44,+16.077, +9.269,+0.966
1583594700,+3.44,+16.060, +9.088,+0.965
1583594760,+3.44,+16.068, +8.880,+0.966
1583594820,+3.44,+16.077, +8.840,+0.965
1583594880,+3.44,+16.068, +8.936,+0.966
1583594940,+3.44,+16.077, +9.011,+0.966
1583595000,+3.44,+16.077, +9.107,+0.966
1583595060,+3.44,+16.085, +9.050,+0.966
1583595120,+3.44,+16.085, +8.906,+0.966
1583595180,+3.44,+16.068, +8.893,+0.966
1583595240,+3.44,+16.077, +9.021,+0.966
1583595300,+3.44,+16.094, +9.013,+0.966
1583595360,+3.44,+16.077, +9.064,+0.965
1583595420,+3.44,+16.068, +9.120,+0.966
1583595480,+3.44,+16.060, +9.152,+0.965
1583595540,+3.44,+16.068, +8.993,+0.966
1583595600,+3.44,+16.085, +8.985,+0.965
1583595660,+3.44,+16.068, +8.937,+0.966
1583595720,+3.44,+16.085, +8.976,+0.966
1583595780,+3.44,+16.068, +8.816,+0.965
1583595840,+3.44,+16.068, +8.827,+0.965
1583595900,+3.44,+16.085, +8.696,+0.965
1583595960,+3.44,+16.068, +8.892,+0.966
1583596020,+3.44,+16.085, +8.839,+0.966
1583596080,+3.44,+16.077, +8.965,+0.965
1583596140,+3.44,+16.068, +9.039,+0.965
1583596200,+3.44,+16.068, +8.864,+0.966
1583596260,+3.44,+16.085, +8.875,+0.966
1583596320,+3.44,+16.085, +8.870,+0.965
1583596380,+3.44,+16.068, +8.795,+0.965
1583596440,+3.44,+16.085, +8.811,+0.966
1583596500,+3.44,+16.085, +8.788,+0.966
1583596560,+3.44,+16.077, +8.799,+0.966
1583596620,+3.44,+16.077, +8.933,+0.965
1583596680,+3.44,+16.085, +8.996,+0.966
1583596740,+3.44,+16.077, +9.087,+0.966
1583596800,+3.44,+16.060, +9.192,+0.966
1583596860,+3.44,+16.068, +9.123,+0.966
1583596920,+3.44,+16.068, +9.224,+0.966
1583596980,+3.44,+16.085, +9.037,+0.965
1583597040,+3.44,+16.085, +9.144,+0.966
1583597100,+3.44,+16.068, +9.044,+0.966
1583597160,+3.44,+16.085, +9.080,+0.966
1583597220,+3.44,+16.077, +8.993,+0.966
1583597280,+3.44,+16.060, +9.001,+0.965
1583597340,+3.44,+16.068, +8.900,+0.965
1583597400,+3.44,+16.068, +8.871,+0.966
1583597460,+3.44,+16.077, +8.886,+0.966
1583597520,+3.44,+16.077, +8.925,+0.966
1583597580,+3.44,+16.077, +9.007,+0.966
1583597640,+3.44,+16.077, +8.965,+0.966
1583597700,+3.44,+16.094, +8.898,+0.965
1583597760,+3.44,+16.068, +8.880,+0.966
1583597820,+3.44,+16.077, +8.912,+0.965
1583597880,+3.44,+16.068, +8.957,+0.965
1583597940,+3.44,+16.068, +8.930,+0.965
1583598000,+3.44,+16.077, +8.982,+0.965
1583598060,+3.44,+16.085, +9.055,+0.965
1583598120,+3.44,+16.068, +8.993,+0.965
1583598180,+3.44,+16.077, +9.007,+0.966
1583598240,+3.44,+16.077, +9.011,+0.965
1583598300,+3.44,+16.060, +9.143,+0.965
1583598360,+3.44,+16.077, +9.152,+0.966
1583598420,+3.44,+16.077, +9.186,+0.965
1583598480,+3.44,+16.060, +9.195,+0.965
1583598540,+3.44,+16.077, +9.105,+0.965
1583598600,+3.44,+16.085, +9.095,+0.965
1583598660,+3.44,+16.068, +9.139,+0.966
1583598720,+3.44,+16.068, +9.157,+0.966
1583598780,+3.44,+16.077, +9.179,+0.966
1583598840,+3.44,+16.060, +9.183,+0.965
1583598900,+3.44,+16.085, +9.205,+0.966
1583598960,+3.44,+16.077, +9.251,+0.965
1583599020,+3.44,+16.077, +9.276,+0.965
1583599080,+3.44,+16.077, +9.276,+0.965
1583599140,+3.44,+16.085, +9.311,+0.966
1583599200,+3.44,+16.077, +9.350,+0.965
1583599260,+3.44,+16.077, +9.329,+0.966
1583599320,+3.44,+16.085, +9.285,+0.965
1583599380,+3.44,+16.085, +9.249,+0.966
1583599440,+3.44,+16.077, +9.281,+0.966
1583599500,+3.44,+16.085, +9.310,+0.965
1583599560,+3.44,+16.077, +9.381,+0.965
1583599620,+3.44,+16.077, +9.472,+0.965
1583599680,+3.44,+16.068, +9.534,+0.966
1583599740,+3.44,+16.060, +9.576,+0.966
1583599800,+3.44,+16.077, +9.588,+0.966
1583599860,+3.44,+16.077, +9.563,+0.966
1583599920,+3.44,+16.068, +9.593,+0.965
1583599980,+3.44,+16.060, +9.610,+0.966
1583600040,+3.44,+16.060, +9.610,+0.965
1583600100,+3.44,+16.068, +9.625,+0.965
1583600160,+3.44,+16.060, +9.645,+0.966
1583600220,+3.44,+16.068, +9.646,+0.966
1583600280,+3.44,+16.085, +9.638,+0.965
1583600340,+3.44,+16.077, +9.644,+0.966
1583600400,+3.44,+16.077, +9.640,+0.965
1583600460,+3.44,+16.077, +9.644,+0.966
1583600520,+3.44,+16.051, +9.669,+0.966
1583600580,+3.44,+16.051, +9.667,+0.966
1583600640,+3.44,+16.068, +9.669,+0.966
1583600700,+3.44,+16.077, +9.663,+0.966
1583600760,+3.44,+16.077, +9.663,+0.965
1583600820,+3.44,+16.068, +9.669,+0.966
1583600880,+3.44,+16.060, +9.676,+0.966
1583600940,+3.44,+16.068, +9.678,+0.966
1583601000,+3.44,+16.068, +9.658,+0.965
1583601060,+3.44,+16.060, +9.678,+0.966
1583601120,+3.44,+16.077, +9.683,+0.966
1583601180,+3.44,+16.060, +9.688,+0.966
1583601240,+3.44,+16.068, +9.674,+0.966
1583601300,+3.44,+16.068, +9.658,+0.965
1583601360,+3.44,+16.068, +9.673,+0.966
1583601420,+3.44,+16.060, +9.675,+0.965
1583601480,+3.44,+16.060, +9.680,+0.966
1583601540,+3.44,+16.068, +9.681,+0.966
1583601600,+3.44,+16.060, +9.683,+0.966
1583601660,+3.44,+16.060, +9.674,+0.965
1583601720,+3.44,+16.085, +9.669,+0.966
1583601780,+3.44,+16.051, +9.673,+0.965
1583601840,+3.44,+16.077, +9.683,+0.966
1583601900,+3.44,+16.060, +9.680,+0.966
1583601960,+3.44,+16.060, +9.676,+0.966
1583602020,+3.44,+16.085, +9.662,+0.966
1583602080,+3.44,+16.051, +9.668,+0.966
1583602140,+3.44,+16.068, +9.670,+0.966
1583602200,+3.44,+16.051, +9.671,+0.966
1583602260,+3.44,+16.060, +9.673,+0.966
1583602320,+3.44,+16.068, +9.633,+0.966
1583602380,+3.44,+16.068, +9.605,+0.966
1583602440,+3.44,+16.051, +9.624,+0.965
1583602500,+3.44,+16.026, +9.669,+0.966
1583602560,+3.44,+16.017, +9.665,+0.965
1583602620,+3.44,+16.009, +9.654,+0.965
1583602680,+3.44,+16.017, +9.671,+0.965
1583602740,+3.44,+16.009, +9.682,+0.966
1583602800,+3.44,+16.017, +9.665,+0.965
1583602860,+3.44,+15.991, +9.686,+0.966
1583602920,+3.44,+16.000, +9.678,+0.965
1583602980,+3.44,+16.009, +9.676,+0.966
1583603040,+3.44,+16.000, +9.674,+0.966
1583603100,+3.44,+16.000, +9.689,+0.966
1583603160,+3.44,+16.009, +9.664,+0.965
1583603220,+3.44,+15.991, +9.692,+0.966
1583603280,+3.44,+16.000, +9.692,+0.966
1583603340,+3.44,+16.000, +9.676,+0.965
1583603400,+3.44,+15.983, +9.706,+0.967
1583603460,+3.44,+16.009, +9.680,+0.966
1583603520,+3.44,+16.000, +9.683,+0.966
1583603580,+3.44,+16.000, +9.678,+0.965
1583603640,+3.44,+16.009, +9.690,+0.967
1583603700,+3.44,+15.991, +9.676,+0.965
1583603760,+3.44,+15.991, +9.667,+0.965
1583603820,+3.44,+15.983, +9.676,+0.965
1583603880,+3.44,+15.983, +9.677,+0.965
1583603940,+3.44,+16.017, +9.658,+0.965
1583604000,+3.44,+16.009, +9.675,+0.966
1583604060,+3.44,+16.009, +9.677,+0.966
1583604120,+3.44,+16.017, +9.665,+0.965
1583604180,+3.44,+16.000, +9.671,+0.965
1583604240,+3.44,+16.000, +9.688,+0.966
1583604300,+3.44,+16.009, +9.670,+0.965
1583604360,+3.44,+16.009, +9.687,+0.966
1583604420,+3.44,+15.991, +9.685,+0.966
1583604480,+3.44,+15.991, +9.689,+0.966
1583604540,+3.44,+16.000, +9.682,+0.965
1583604600,+3.44,+16.026, +9.675,+0.965
1583604660,+3.44,+16.000, +9.685,+0.965
1583604720,+3.44,+15.991, +9.698,+0.966
1583604780,+3.44,+16.009, +9.683,+0.965
1583604840,+3.44,+16.000, +9.681,+0.965
1583604900,+3.44,+16.009, +9.682,+0.966
1583604960,+3.44,+16.017, +9.677,+0.966
1583605020,+3.44,+16.009, +9.669,+0.965
1583605080,+3.44,+15.991, +9.696,+0.966
1583605140,+3.44,+16.000, +9.674,+0.965
1583605200,+3.44,+16.009, +9.687,+0.966
1583605260,+3.44,+16.017, +9.669,+0.965
1583605320,+3.44,+15.991, +9.679,+0.965
1583605380,+3.44,+16.017, +9.680,+0.966
1583605440,+3.44,+16.009, +9.688,+0.966
1583605500,+3.44,+16.026, +9.672,+0.965
1583605560,+3.44,+16.009, +9.687,+0.966
1583605620,+3.44,+16.017, +9.674,+0.966
1583605680,+3.44,+16.000, +9.671,+0.965
1583605740,+3.44,+16.000, +9.676,+0.965
1583605800,+3.44,+16.017, +9.698,+0.966
1583605860,+3.44,+16.000, +9.683,+0.965
1583605920,+3.44,+16.009, +9.703,+0.966
1583605980,+3.44,+16.000, +9.689,+0.965
1583606040,+3.44,+16.009, +9.691,+0.966
1583606100,+3.44,+16.000, +9.703,+0.966
1583606160,+3.44,+16.009, +9.687,+0.965
1583606220,+3.44,+16.000, +9.689,+0.965
1583606280,+3.44,+16.017, +9.696,+0.966
1583606340,+3.44,+16.017, +9.677,+0.965
1583606400,+3.44,+16.017, +9.702,+0.966
1583606460,+3.44,+16.017, +9.682,+0.965
1583606520,+3.44,+16.026, +9.686,+0.966
1583606580,+3.44,+16.009, +9.677,+0.965
1583606640,+3.44,+16.000, +9.687,+0.965
1583606700,+3.44,+16.034, +9.682,+0.966
1583606760,+3.44,+16.017, +9.673,+0.964
1583606820,+3.44,+16.034, +9.690,+0.966
1583606880,+3.44,+16.017, +9.693,+0.966
1583606940,+3.44,+16.009, +9.689,+0.965
1583607000,+3.44,+16.017, +9.687,+0.965
1583607060,+3.44,+16.017, +9.684,+0.965
1583607120,+3.44,+16.017, +9.693,+0.965
1583607180,+3.44,+16.034, +9.692,+0.965
1583607240,+3.44,+16.017, +9.702,+0.965
1583607300,+3.44,+16.017, +9.694,+0.965
1583607360,+3.44,+16.017, +9.698,+0.965
1583607420,+3.44,+16.017, +9.700,+0.965
1583607480,+3.44,+16.034, +9.695,+0.965
1583607540,+3.44,+16.034, +9.692,+0.965
1583607600,+3.44,+16.017, +9.708,+0.965
1583607660,+3.44,+16.017, +9.722,+0.966
1583607720,+3.44,+16.026, +9.723,+0.966
1583607780,+3.44,+16.026, +9.716,+0.965
1583607840,+3.44,+16.026, +9.723,+0.966
1583607900,+3.44,+16.026, +9.726,+0.965
1583607960,+3.44,+16.026, +9.728,+0.965
1583608020,+3.44,+16.017, +9.735,+0.965
1583608080,+3.44,+16.009, +9.739,+0.965
1583608140,+3.44,+16.026, +9.740,+0.965
1583608200,+3.44,+16.026, +9.743,+0.965
1583608260,+3.44,+16.026, +9.751,+0.965
1583608320,+3.44,+16.034, +9.742,+0.965
1583608380,+3.44,+16.043, +9.727,+0.965
1583608440,+3.44,+16.034, +9.739,+0.965
1583608500,+3.44,+16.043, +9.734,+0.965
1583608560,+3.44,+16.043, +9.736,+0.966
1583608620,+3.44,+16.043, +9.723,+0.965
1583608680,+3.44,+16.051, +9.728,+0.966
1583608740,+3.44,+16.043, +9.736,+0.966
1583608800,+3.44,+16.034, +9.728,+0.965
1583608860,+3.44,+16.051, +9.731,+0.966
1583608920,+3.44,+16.043, +9.707,+0.965
1583608980,+3.44,+16.034, +9.704,+0.965
1583609040,+3.44,+16.051, +9.691,+0.965
1583609100,+3.44,+16.051, +9.705,+0.965
1583609160,+3.44,+16.060, +9.691,+0.965
1583609220,+3.44,+16.051, +9.698,+0.965
1583609280,+3.44,+16.060, +9.688,+0.964
1583609340,+3.44,+16.051, +9.719,+0.966
1583609400,+3.44,+16.051, +9.706,+0.965
1583609460,+3.44,+16.068, +9.691,+0.964
1583609520,+3.44,+16.060, +9.717,+0.966
1583609580,+3.44,+16.060, +9.706,+0.965
1583609640,+3.44,+16.051, +9.718,+0.965
1583609700,+3.44,+16.043, +9.722,+0.965
1583609760,+3.44,+16.068, +9.726,+0.965
1583609820,+3.44,+16.060, +9.740,+0.966
1583609880,+3.44,+16.068, +9.721,+0.965
1583609940,+3.44,+16.060, +9.729,+0.965
1583610000,+3.44,+16.060, +9.746,+0.965
1583610060,+3.44,+16.077, +9.743,+0.965
1583610120,+3.44,+16.060, +9.751,+0.965
1583610180,+3.44,+16.068, +9.751,+0.965
1583610240,+3.44,+16.068, +9.764,+0.965
1583610300,+3.44,+16.085, +9.778,+0.966
1583610360,+3.44,+16.068, +9.773,+0.965
1583610420,+3.44,+16.085, +9.767,+0.965
1583610480,+3.44,+16.085, +9.782,+0.965
1583610540,+3.44,+16.085, +9.792,+0.965
1583610600,+3.44,+16.077, +9.819,+0.966
1583610660,+3.44,+16.077, +9.818,+0.965
1583610720,+3.44,+16.068, +9.820,+0.965
1583610780,+3.44,+16.085, +9.825,+0.966
1583610840,+3.44,+16.094, +9.829,+0.965
1583610900,+3.44,+16.085, +9.843,+0.965
1583610960,+3.44,+16.094, +9.846,+0.965
1583611020,+3.44,+16.102, +9.833,+0.964
1583611080,+3.44,+16.094, +9.839,+0.965
1583611140,+3.44,+16.119, +9.821,+0.965
1583611200,+3.44,+16.102, +9.839,+0.965
1583611260,+3.44,+16.111, +9.838,+0.965
1583611320,+3.44,+16.128, +9.870,+0.966
1583611380,+3.44,+16.119, +9.878,+0.966
1583611440,+3.44,+16.128, +9.862,+0.964
1583611500,+3.44,+16.136, +9.903,+0.965
1583611560,+3.44,+16.153, +9.915,+0.965
1583611620,+3.44,+16.145, +9.942,+0.965
1583611680,+3.44,+16.145, +9.943,+0.965
1583611740,+3.44,+16.162, +9.955,+0.965
1583611800,+3.44,+16.162, +9.957,+0.965
1583611860,+3.44,+16.196, +9.968,+0.965
1583611920,+3.44,+16.179, +9.974,+0.965
1583611980,+3.44,+16.179, +9.991,+0.965
1583612040,+3.44,+16.188,+10.010,+0.965
1583612100,+3.44,+16.179,+10.020,+0.965
1583612160,+3.44,+16.188,+10.047,+0.966
1583612220,+3.44,+16.188,+10.041,+0.965
1583612280,+3.44,+16.205,+10.057,+0.965
1583612340,+3.44,+16.205,+10.062,+0.964
1583612400,+3.44,+16.188,+10.084,+0.965
1583612460,+3.44,+16.205,+10.055,+0.965
1583612520,+3.44,+16.196,+10.077,+0.965
1583612580,+3.44,+16.213,+10.074,+0.965
1583612640,+3.44,+16.205,+10.072,+0.964
1583612700,+3.44,+16.213,+10.077,+0.965
1583612760,+3.44,+16.222,+10.073,+0.966
1583612820,+3.44,+16.247,+10.058,+0.965
1583612880,+3.44,+16.247,+10.000,+0.965
1583612940,+3.44,+16.273, +9.940,+0.965
1583613000,+3.44,+16.273, +9.911,+0.965
1583613060,+3.44,+16.290, +9.878,+0.964
1583613120,+3.44,+16.290, +9.886,+0.965
1583613180,+3.44,+16.298, +9.895,+0.965
1583613240,+3.44,+16.298, +9.931,+0.965
1583613300,+3.44,+16.315,+10.048,+0.965
1583613360,+3.44,+16.315,+10.162,+0.965
1583613420,+3.44,+16.341,+10.225,+0.965
1583613480,+3.44,+16.332,+10.226,+0.964
1583613540,+3.44,+16.324,+10.224,+0.965
1583613600,+3.44,+16.307,+10.171,+0.965
1583613660,+3.44,+16.349,+10.094,+0.965
1583613720,+3.44,+16.332,+10.055,+0.965
1583613780,+3.44,+16.341,+10.037,+0.965
1583613840,+3.44,+16.332,+10.027,+0.965
1583613900,+3.44,+16.332,+10.022,+0.965
1583613960,+3.44,+16.341,+10.039,+0.964
1583614020,+3.44,+16.358,+10.139,+0.965
1583614080,+3.44,+16.349,+10.147,+0.965
1583614140,+3.44,+16.358,+10.002,+0.965
1583614200,+3.44,+16.349, +9.950,+0.964
1583614260,+3.44,+16.375, +9.940,+0.964
1583614320,+3.44,+16.392, +9.939,+0.965
1583614380,+3.44,+16.392, +9.998,+0.965
1583614440,+3.44,+16.409,+10.070,+0.965
1583614500,+3.44,+16.409,+10.137,+0.965
1583614560,+3.44,+16.409,+10.157,+0.965
1583614620,+3.44,+16.417,+10.167,+0.964
1583614680,+3.44,+16.417,+10.234,+0.966
1583614740,+3.44,+16.443,+10.238,+0.965
1583614800,+3.44,+16.443,+10.256,+0.965
1583614860,+3.44,+16.460,+10.244,+0.965
1583614920,+3.44,+16.451,+10.262,+0.965
1583614980,+3.44,+16.451,+10.262,+0.964
1583615040,+3.44,+16.451,+10.317,+0.965
1583615100,+3.44,+16.443,+10.330,+0.965
1583615160,+3.44,+16.451,+10.336,+0.965
1583615220,+3.44,+16.460,+10.286,+0.965
1583615280,+3.44,+16.468,+10.293,+0.965
1583615340,+3.44,+16.460,+10.264,+0.965
1583615400,+3.44,+16.485,+10.249,+0.965
1583615460,+3.44,+16.477,+10.275,+0.964
1583615520,+3.44,+16.477,+10.267,+0.964
1583615580,+3.44,+16.468,+10.283,+0.965
1583615640,+3.44,+16.511,+10.252,+0.964
1583615700,+3.44,+16.494,+10.224,+0.965
1583615760,+3.44,+16.485,+10.201,+0.964
1583615820,+3.44,+16.511,+10.191,+0.965
1583615880,+3.44,+16.511,+10.186,+0.965
1583615940,+3.44,+16.511,+10.154,+0.964
1583616000,+3.44,+16.536,+10.076,+0.965
1583616060,+3.44,+16.519, +9.999,+0.964
1583616120,+3.44,+16.511, +9.961,+0.964
1583616180,+3.44,+16.528, +9.928,+0.964
1583616240,+3.44,+16.528, +9.914,+0.964
1583616300,+3.44,+16.536, +9.884,+0.964
1583616360,+3.44,+16.553, +9.839,+0.965
1583616420,+3.44,+16.562, +9.814,+0.964
1583616480,+3.44,+16.545, +9.813,+0.965
1583616540,+3.44,+16.553, +9.852,+0.965
1583616600,+3.44,+16.553, +9.854,+0.965
1583616660,+3.44,+16.562, +9.856,+0.965
1583616720,+3.44,+16.545, +9.843,+0.964
1583616780,+3.44,+16.519, +9.886,+0.965
1583616840,+3.44,+16.502, +9.926,+0.965
1583616900,+3.44,+16.502, +9.994,+0.965
1583616960,+3.44,+16.477,+10.029,+0.964
1583617020,+3.44,+16.494,+10.025,+0.965
1583617080,+3.44,+16.485,+10.000,+0.964
1583617140,+3.44,+16.477,+10.034,+0.965
1583617200,+3.44,+16.460,+10.042,+0.964
1583617260,+3.44,+16.460,+10.050,+0.964
1583617320,+3.44,+16.460,+10.067,+0.965
1583617380,+3.44,+16.451,+10.069,+0.965
1583617440,+3.44,+16.460,+10.070,+0.965
1583617500,+3.44,+16.451,+10.068,+0.965
1583617560,+3.44,+16.460,+10.052,+0.964
1583617620,+3.44,+16.443,+10.054,+0.964
1583617680,+3.44,+16.426,+10.090,+0.966
1583617740,+3.44,+16.434,+10.075,+0.965
1583617800,+3.44,+16.426,+10.072,+0.964
1583617860,+3.44,+16.426,+10.087,+0.965
1583617920,+3.44,+16.417,+10.085,+0.965
1583617980,+3.44,+16.426,+10.093,+0.965
1583618040,+3.44,+16.417,+10.107,+0.965
1583618100,+3.44,+16.409,+10.095,+0.964
1583618160,+3.44,+16.426,+10.085,+0.965
1583618220,+3.44,+16.409,+10.081,+0.965
1583618280,+3.44,+16.417,+10.080,+0.966
1583618340,+3.44,+16.426,+10.069,+0.965
1583618400,+3.44,+16.434,+10.064,+0.965
1583618460,+3.44,+16.451,+10.055,+0.965
1583618520,+3.44,+16.443,+10.062,+0.965
1583618580,+3.44,+16.451,+10.076,+0.966
1583618640,+3.44,+16.477,+10.043,+0.964
1583618700,+3.44,+16.477,+10.071,+0.965
1583618760,+3.44,+16.460,+10.074,+0.964
1583618820,+3.44,+16.477,+10.021,+0.965
1583618880,+3.44,+16.485,+10.019,+0.965
1583618940,+3.44,+16.460,+10.043,+0.964
1583619000,+3.44,+16.468,+10.067,+0.965
1583619060,+3.44,+16.468,+10.054,+0.964
1583619120,+3.44,+16.451,+10.102,+0.966
1583619180,+3.44,+16.443,+10.071,+0.965
1583619240,+3.44,+16.426,+10.064,+0.965
1583619300,+3.44,+16.434,+10.038,+0.964
1583619360,+3.44,+16.443,+10.029,+0.965
1583619420,+3.44,+16.477, +9.996,+0.965
1583619480,+3.44,+16.477, +9.974,+0.965
