7530-428102
OS REV: 1.05 Sensor Cal: 1572940800
Time (sec),  Bat (Volts),   T (deg C),  PAR (umol/(s m^2))  Ax (g), Ay (g), Az (g)
1583358000, +3.43, +16.937, +167.97014, +1027.000, -32.000, +252.000
1583358060, +3.43, +16.954, +168.57707, +1035.000, -28.000, +246.000
1583358120, +3.43, +16.954, +167.76267, +1039.000, -29.000, +241.000
1583358180, +3.43, +16.971, +168.34793, +1043.000, -26.000, +240.000
1583358240, +3.43, +16.928, +167.76887, +1032.000, -32.000, +248.000
1583358300, +3.43, +16.954, +168.39438, +1038.000, -28.000, +241.000
1583358360, +3.43, +16.945, +167.85247, +1038.000, -25.000, +246.000
1583358420, +3.43, +16.945, +167.90821, +1036.000, -29.000, +240.000
1583358480, +3.43, +16.945, +168.43463, +1038.000, -32.000, +246.000
1583358540, +3.43, +16.962, +168.52134, +1036.000, -32.000, +248.000
1583358600, +3.43, +16.962, +168.53372, +1033.000, -29.000, +246.000
1583358660, +3.43, +16.988, +167.77816, +1032.000, -32.000, +246.000
1583358720, +3.43, +16.962, +168.13736, +1031.000, -29.000, +246.000
1583358780, +3.43, +16.971, +167.71932, +1039.000, -32.000, +243.000
1583358840, +3.43, +16.971, +168.38199, +1039.000, -26.000, +241.000
1583358900, +3.43, +16.945, +167.89583, +1036.000, -32.000, +240.000
1583358960, +3.43, +16.954, +167.75958, +1038.000, -24.000, +244.000
1583359020, +3.43, +16.962, +167.52424, +1036.000, -28.000, +244.000
1583359080, +3.43, +16.937, +170.11608, +1039.000, -28.000, +243.000
1583359140, +3.43, +16.937, +168.62972, +1039.000, -29.000, +248.000
1583359200, +3.43, +16.945, +154.95211, +1038.000, -26.000, +240.000
1583359260, +3.43, +16.954, +151.19285, +1040.000, -29.000, +240.000
1583359320, +3.43, +16.954, +148.98809, +1033.000, -32.000, +246.000
1583359380, +3.43, +16.920, +150.96680, +1031.000, -29.000, +248.000
1583359440, +3.43, +16.954, +151.11234, +1033.000, -29.000, +243.000
1583359500, +3.43, +16.937, +150.77482, +1031.000, -32.000, +246.000
1583359560, +3.43, +16.954, +151.80598, +1036.000, -26.000, +248.000
1583359620, +3.43, +16.971, +150.76243, +1038.000, -29.000, +240.000
1583359680, +3.43, +16.962, +151.48703, +1039.000, -25.000, +240.000
1583359740, +3.43, +16.996, +150.91726, +1030.000, -29.000, +248.000
1583359800, +3.43, +16.954, +150.21743, +1032.000, -32.000, +248.000
1583359860, +3.43, +16.971, +150.91416, +1036.000, -28.000, +240.000
1583359920, +3.43, +16.954, +151.51490, +1031.000, -29.000, +248.000
1583359980, +3.43, +16.954, +151.23001, +1025.000, -29.000, +248.000
1583360040, +3.43, +16.962, +151.86172, +1032.000, -26.000, +243.000
1583360100, +3.43, +16.954, +150.96680, +1039.000, -25.000, +241.000
1583360160, +3.43, +16.954, +151.10305, +1036.000, -28.000, +246.000
1583360220, +3.43, +16.954, +151.65425, +1040.000, -25.000, +243.000
1583360280, +3.43, +16.954, +150.42800, +1036.000, -29.000, +243.000
1583360340, +3.43, +16.954, +151.21143, +1039.000, -32.000, +246.000
1583360400, +3.43, +16.954, +151.26098, +1032.000, -32.000, +246.000
1583360460, +3.43, +16.945, +150.86462, +1036.000, -29.000, +248.000
1583360520, +3.43, +16.937, +150.94513, +1036.000, -29.000, +246.000
1583360580, +3.43, +16.962, +151.38175, +1036.000, -26.000, +244.000
1583360640, +3.43, +16.962, +150.99777, +1036.000, -29.000, +248.000
1583360700, +3.43, +16.962, +151.10305, +1032.000, -28.000, +246.000
1583360760, +3.43, +16.945, +151.09686, +1036.000, -28.000, +248.000
1583360820, +3.43, +16.928, +150.93274, +1043.000, -25.000, +240.000
1583360880, +3.43, +16.962, +151.21453, +1036.000, -29.000, +243.000
1583360940, +3.43, +16.954, +151.47774, +1038.000, -28.000, +243.000
1583361000, +3.43, +16.945, +151.61399, +1032.000, -29.000, +246.000
1583361060, +3.43, +16.979, +151.42510, +1043.000, -29.000, +238.000
1583361120, +3.43, +16.954, +151.48703, +1036.000, -29.000, +241.000
1583361180, +3.43, +16.962, +151.39413, +1031.000, -29.000, +248.000
1583361240, +3.43, +16.954, +151.62018, +1036.000, -29.000, +240.000
1583361300, +3.43, +16.954, +151.44677, +1031.000, -31.000, +246.000
1583361360, +3.43, +16.945, +151.70689, +1031.000, -31.000, +246.000
1583361420, +3.43, +16.971, +151.47774, +1031.000, -26.000, +248.000
1583361480, +3.43, +16.945, +151.31981, +1031.000, -29.000, +248.000
1583361540, +3.43, +16.954, +151.33530, +1027.000, -32.000, +248.000
1583361600, +3.43, +16.962, +151.06280, +1036.000, -26.000, +240.000
1583361660, +3.43, +16.937, +151.07518, +1039.000, -25.000, +240.000
1583361720, +3.43, +16.979, +151.12783, +1032.000, -29.000, +248.000
1583361780, +3.43, +16.971, +150.84913, +1038.000, -25.000, +242.000
1583361840, +3.43, +16.945, +151.22072, +1040.000, -26.000, +240.000
1583361900, +3.43, +16.971, +151.60160, +1032.000, -32.000, +248.000
1583361960, +3.43, +16.937, +151.02874, +1036.000, -29.000, +248.000
1583362020, +3.43, +16.937, +151.44677, +1036.000, -29.000, +244.000
1583362080, +3.43, +16.945, +151.52109, +1027.000, -29.000, +248.000
1583362140, +3.43, +16.954, +151.43749, +1039.000, -29.000, +240.000
1583362200, +3.43, +16.962, +151.62638, +1046.000, -25.000, +243.000
1583362260, +3.43, +16.954, +151.30743, +1036.000, -29.000, +246.000
1583362320, +3.43, +16.954, +151.67902, +1038.000, -29.000, +246.000
1583362380, +3.43, +16.971, +151.06899, +1040.000, -26.000, +240.000
1583362440, +3.43, +16.954, +151.35388, +1036.000, -25.000, +248.000
1583362500, +3.43, +16.945, +151.00396, +1033.000, -31.000, +248.000
1583362560, +3.43, +16.962, +151.63876, +1032.000, -32.000, +244.000
1583362620, +3.43, +16.954, +151.05661, +1038.000, -28.000, +240.000
1583362680, +3.43, +16.962, +150.79030, +1036.000, -29.000, +241.000
1583362740, +3.43, +16.954, +151.41271, +1035.000, -28.000, +246.000
1583362800, +3.43, +16.945, +146.64397, +1039.000, -28.000, +243.000
1583362860, +3.43, +16.945, +132.26034, +1033.000, -28.000, +246.000
1583362920, +3.43, +16.979, +132.53284, +1039.000, -29.000, +240.000
1583362980, +3.43, +16.962, +132.93230, +1039.000, -29.000, +238.000
1583363040, +3.43, +16.962, +133.12429, +1039.000, -29.000, +246.000
1583363100, +3.43, +16.937, +132.67838, +1036.000, -29.000, +246.000
1583363160, +3.43, +16.962, +133.32247, +1032.000, -29.000, +248.000
1583363220, +3.43, +16.928, +133.13977, +1032.000, -29.000, +248.000
1583363280, +3.43, +16.945, +133.19242, +1033.000, -28.000, +248.000
1583363340, +3.43, +16.962, +133.14906, +1036.000, -26.000, +248.000
1583363400, +3.43, +16.937, +132.99423, +1032.000, -32.000, +246.000
1583363460, +3.43, +16.954, +132.52355, +1036.000, -29.000, +244.000
1583363520, +3.43, +16.962, +133.07784, +1032.000, -26.000, +248.000
1583363580, +3.43, +16.945, +132.92301, +1033.000, -29.000, +244.000
1583363640, +3.43, +16.937, +132.90134, +1039.000, -29.000, +240.000
1583363700, +3.43, +16.945, +132.29750, +1036.000, -26.000, +243.000
1583363760, +3.43, +16.928, +133.28841, +1038.000, -29.000, +240.000
1583363820, +3.43, +16.962, +132.94469, +1033.000, -28.000, +248.000
1583363880, +3.43, +16.971, +132.57000, +1036.000, -26.000, +246.000
1583363940, +3.43, +16.971, +133.32867, +1038.000, -28.000, +244.000
1583364000, +3.43, +16.962, +132.62884, +1031.000, -32.000, +248.000
1583364060, +3.43, +16.937, +133.61665, +1039.000, -24.000, +240.000
1583364120, +3.43, +16.945, +133.46491, +1036.000, -26.000, +241.000
1583364180, +3.43, +16.954, +134.22358, +1033.000, -32.000, +243.000
1583364240, +3.43, +16.979, +133.66929, +1038.000, -25.000, +243.000
1583364300, +3.43, +16.962, +133.07475, +1039.000, -26.000, +243.000
1583364360, +3.43, +16.945, +133.01591, +1036.000, -28.000, +248.000
1583364420, +3.43, +16.962, +133.00043, +1033.000, -31.000, +244.000
1583364480, +3.43, +16.962, +132.89205, +1039.000, -26.000, +241.000
1583364540, +3.43, +16.962, +132.78986, +1033.000, -26.000, +246.000
1583364600, +3.43, +16.971, +132.26654, +1038.000, -26.000, +248.000
1583364660, +3.43, +16.971, +131.98475, +1039.000, -26.000, +240.000
1583364720, +3.43, +16.988, +132.60406, +1040.000, -28.000, +240.000
1583364780, +3.43, +16.954, +133.10261, +1040.000, -26.000, +240.000
1583364840, +3.43, +16.954, +133.07165, +1038.000, -29.000, +243.000
1583364900, +3.43, +16.971, +133.24196, +1036.000, -29.000, +244.000
1583364960, +3.43, +16.954, +133.29770, +1025.000, -32.000, +248.000
1583365020, +3.43, +16.954, +133.09332, +1032.000, -31.000, +244.000
1583365080, +3.43, +16.962, +132.89205, +1024.000, -32.000, +248.000
1583365140, +3.43, +16.971, +132.73412, +1033.000, -31.000, +248.000
1583365200, +3.43, +16.971, +132.84869, +1031.000, -26.000, +248.000
1583365260, +3.43, +16.945, +133.36273, +1040.000, -24.000, +243.000
1583365320, +3.43, +16.954, +133.01591, +1032.000, -32.000, +246.000
1583365380, +3.43, +16.971, +132.62884, +1039.000, -26.000, +243.000
1583365440, +3.43, +16.954, +132.57000, +1036.000, -26.000, +248.000
1583365500, +3.43, +16.954, +132.79915, +1031.000, -26.000, +248.000
1583365560, +3.43, +16.954, +133.34415, +1038.000, -32.000, +240.000
1583365620, +3.43, +16.971, +133.13977, +1030.000, -30.000, +240.000
1583365680, +3.43, +16.945, +131.49549, +1036.000, -26.000, +243.000
1583365740, +3.43, +16.962, +132.14267, +1036.000, -26.000, +243.000
1583365800, +3.43, +17.005, +131.27253, +1033.000, -29.000, +244.000
1583365860, +3.43, +16.962, +19.59115, +640.000, +392.000, -680.000
1583365920, +3.43, +17.013, +306.86740, +671.000, -268.000, +544.000
1583365980, +3.43, +17.310, +20.02158, +1046.000, -308.000, +480.000
1583366040, +3.43, +17.666, +18.95945, +1118.000, -31.000, +404.000
1583366100, +3.43, +18.055, +20.17951, +1166.000, -360.000, +88.000
1583366160, +3.43, +18.503, +21.19209, +1025.000, -384.000, +254.000
1583366220, +3.43, +19.017, +20.61922, +1000.000, -56.000, +332.000
1583366280, +3.43, +19.657, +23.79322, +988.000, -520.000,  -8.000
1583366340, +3.43, +20.245, +20.56348, +851.000, -632.000, +121.000
1583366400, +3.43, +20.833, +15.58727, +499.000, -1080.000, +172.000
1583366460, +3.43, +21.370, +21.08680, +828.000, -730.000, +40.000
1583366520, +3.43, +21.822, +12.61146, +726.000, -920.000, +60.000
1583366580, +3.44, +22.241,  +2.01495, +579.000, -1000.000, +588.000
1583366640, +3.44, +22.526,  +2.12952, -141.000, -352.000, -756.000
1583366700, +3.44, +22.710,  +3.89767, -136.000, -340.000, -730.000
1583366760, +3.44, +22.869,  +3.63446, -144.000, -97.000, -770.000
1583366820, +3.44, +22.935,  +3.44557, -144.000, -98.000, -776.000
1583366880, +3.44, +22.994,  +3.84812, -144.000, -96.000, -784.000
1583366940, +3.44, +22.986,  +3.85432, -128.000, -58.000, -1040.000
1583367000, +3.44, +22.977,  +3.52918, -144.000, -93.000, -776.000
1583367060, +3.44, +22.935,  +3.79858, -148.000, -96.000, -788.000
1583367120, +3.44, +22.927,  +4.13920, -152.000, -90.000, -794.000
1583367180, +3.44, +22.894,  +3.43938, -148.000, -88.000, -800.000
1583367240, +3.44, +22.852,  +3.91315, -148.000, -80.000, -826.000
1583367300, +3.44, +22.827,  +3.92554, -148.000, -90.000, -784.000
1583367360, +3.44, +22.793,  +3.84193, -148.000, -84.000, -800.000
1583367420, +3.44, +22.768,  +7.31630, +576.000, -253.000, -524.000
1583367480, +3.45, +22.860,  +0.15080, -112.000, -1096.000, -266.000
1583367540, +3.45, +22.894,  +0.52239, -109.000, -1088.000, -263.000
1583367600, +3.45, +22.885,  +0.48523, -109.000, -1104.000, -272.000
1583367660, +3.45, +22.827,  +0.53788, -108.000, -1076.000, -264.000
1583367720, +3.45, +22.735,  +0.53168, -112.000, -1104.000, -288.000
1583367780, +3.45, +22.659,  +0.34279, -104.000, -1112.000, -350.000
1583367840, +3.45, +22.551,  +0.39234, -96.000, -1104.000, -464.000
1583367900, +3.45, +22.442,  +0.20654, -136.000, -44.000, -986.000
1583367960, +3.45, +22.367,  +0.27776, -136.000, -40.000, -992.000
1583368020, +3.45, +22.283,  +0.48523, +753.000, -410.000, +39.000
1583368080, +3.45, +22.342,  +5.71227, -96.000, -1240.000, +568.000
1583368140, +3.45, +22.434,  +5.44286, -93.000, -1240.000, +542.000
1583368200, +3.45, +22.542,  +5.53576, -96.000, -1240.000, +579.000
1583368260, +3.45, +22.576,  +5.47073, -100.000, -1236.000, +636.000
1583368320, +3.45, +22.593,  +5.73085, -104.000, -1240.000, +604.000
1583368380, +3.45, +22.634,  +5.65343, -104.000, -1228.000, +652.000
1583368440, +3.45, +22.643,  +5.48312, -100.000, -1240.000, +608.000
1583368500, +3.45, +22.643,  +3.57253, -141.000, -226.000, -856.000
1583368560, +3.45, +22.676,  +3.26906, -144.000, -228.000, -820.000
1583368620, +3.45, +22.685,  +3.08017, -144.000, -232.000, -784.000
1583368680, +3.45, +22.685,  +3.16688, -144.000, -236.000, -784.000
1583368740, +3.45, +22.685,  +3.08327, -144.000, -237.000, -768.000
1583368800, +3.45, +22.651,  +3.21332, -132.000, -212.000, -954.000
1583368860, +3.45, +22.643,  +3.13281, -140.000, -221.000, -892.000
1583368920, +3.45, +22.618,  +3.46724, -138.000, -221.000, -904.000
1583368980, +3.45, +22.626,  +3.35886, -136.000, -218.000, -920.000
1583369040, +3.45, +22.601,  +0.46975, -157.000, +206.000, -864.000
1583369100, +3.45, +22.626,  +0.75464, -157.000, +216.000, -912.000
1583369160, +3.45, +22.643,  +0.65245, -160.000, +200.000, -832.000
1583369220, +3.45, +22.676,  +0.68651, -156.000, +216.000, -928.000
1583369280, +3.45, +22.676,  +0.81657, -160.000, +200.000, -844.000
1583369340, +3.46, +22.659,  +0.59671, -160.000, +168.000, -800.000
1583369400, +3.46, +22.676,  +1.06739, -160.000, +168.000, -800.000
1583369460, +3.46, +22.634,  +3.19475, -160.000, +192.000, -872.000
1583369520, +3.46, +22.659,  +8.27005, -159.000, +163.000, -784.000
1583369580, +3.46, +22.643, +17.91590, -160.000, +160.000, -784.000
1583369640, +3.46, +22.651, +23.43401, -160.000, +163.000, -792.000
1583369700, +3.46, +22.643, +22.48646, -140.000, +200.000, -1056.000
1583369760, +3.46, +22.676, +20.15164, -136.000, +199.000, -1056.000
1583369820, +3.46, +22.693, +17.89732, -160.000, +179.000, -840.000
1583369880, +3.46, +22.710, +15.07324, -160.000, +160.000, -784.000
1583369940, +3.46, +22.701, +13.10691, -157.000, +184.000, -864.000
1583370000, +3.46, +22.735, +11.57720, -152.000, +195.000, -932.000
1583370060, +3.46, +22.710,  +7.22030, -160.000, +166.000, -800.000
1583370120, +3.46, +22.735,  +6.63505, -160.000, +166.000, -800.000
1583370180, +3.46, +22.743,  +6.59170, -160.000, +163.000, -796.000
1583370240, +3.46, +22.718,  +4.46125, -160.000, +166.000, -804.000
1583370300, +3.46, +22.718,  +2.37725, -160.000, +168.000, -816.000
1583370360, +3.46, +22.718,  +2.37415, -160.000, +161.000, -794.000
1583370420, +3.46, +22.735,  +2.31841, -160.000, +163.000, -800.000
1583370480, +3.46, +22.710,  +1.79509, -157.000, +179.000, -848.000
1583370540, +3.46, +22.726,  +2.46085, -154.000, +198.000, -928.000
1583370600, +3.46, +22.685,  +4.32500, -157.000, +192.000, -896.000
1583370660, +3.46, +22.710,  +4.99696, -153.000, +198.000, -942.000
1583370720, +3.46, +22.693,  +3.90696, -156.000, +184.000, -872.000
1583370780, +3.46, +22.693,  +2.90367, -148.000, +207.000, -1000.000
1583370840, +3.46, +22.693,  +1.84463, -160.000, +176.000, -832.000
1583370900, +3.46, +22.693,  +1.12932, -160.000, +182.000, -852.000
1583370960, +3.46, +22.659,  +0.80109, -154.000, +192.000, -912.000
1583371020, +3.46, +22.676,  +0.84134, -160.000, +168.000, -816.000
1583371080, +3.46, +22.676,  +0.65864, -157.000, +158.000, -788.000
1583371140, +3.46, +22.668,  +0.84444, -152.000, +204.000, -968.000
1583371200, +3.46, +22.676,  +0.67413, -157.000, +184.000, -872.000
1583371260, +3.46, +22.651,  +0.83515, -152.000, +204.000, -968.000
1583371320, +3.46, +22.643,  +0.58433, -157.000, +195.000, -922.000
1583371380, +3.46, +22.659,  +0.71438, -160.000, +176.000, -832.000
1583371440, +3.46, +22.676,  +0.69580, -156.000, +192.000, -916.000
1583371500, +3.46, +22.643,  +0.42021, -160.000, +168.000, -813.000
1583371560, +3.46, +22.643,  +0.33041, -121.000, -736.000, -666.000
1583371620, +3.46, +22.643,  +0.38305, -128.000, -328.000, -912.000
1583371680, +3.46, +22.668,  +0.15080, -140.000, +156.000, -1048.000
1583371740, +3.46, +22.643,  -0.03189, -156.000, +118.000, -824.000
1583371800, +3.46, +22.659,  +0.37376, +1028.000, +104.000, +140.000
1583371860, +3.46, +22.643,  +0.15080, +640.000, +908.000, +750.000
1583371920, +3.46, +22.768,  +0.42950, +984.000, -50.000, +460.000
1583371980, +3.46, +22.986,  +0.25609, -162.000, +312.000, -760.000
1583372040, +3.46, +23.161,  +0.16938, -152.000, +376.000, -1006.000
1583372100, +3.46, +23.286,  +0.16629, -160.000, +358.000, -920.000
1583372160, +3.46, +23.353,  +0.10126, -160.000, +368.000, -944.000
1583372220, +3.46, +23.387,  -0.07215, -160.000, +536.000, -926.000
1583372280, +3.46, +23.403,  +0.11984, -192.000, +280.000, +1326.000
1583372340, +3.46, +23.487,  +0.13222, -189.000, +1310.000, +711.000
1583372400, +3.46, +23.537,  +0.55336, +1087.000, +104.000, +332.000
1583372460, +3.46, +23.562,  +0.38614, +1048.000, +126.000, +376.000
1583372520, +3.46, +23.612,  +0.24680, +1008.000, +400.000, +376.000
1583372580, +3.46, +23.596,  +0.26847, +664.000, +224.000, -626.000
1583372640, +3.46, +23.637,  +0.33970, +1078.000, +32.000, +192.000
1583372700, +3.46, +23.696,  +0.05481, -128.000, -224.000, -904.000
1583372760, +3.46, +23.771,  -0.03809, +515.000, +967.000, +671.000
1583372820, +3.46, +23.929,  +0.13532, -122.000, -1304.000,  +8.000
1583372880, +3.46, +24.071,  +0.04552, -124.000, -1304.000,  +8.000
1583372940, +3.46, +24.130,  -0.10312, -136.000, -1249.000, +182.000
1583373000, +3.46, +24.130,  +0.37376, -126.000, -1300.000, +24.000
1583373060, +3.46, +24.121,  +0.09507, -120.000, -1306.000, -16.000
1583373120, +3.46, +24.080,  +0.09197, -140.000, -1280.000, +179.000
1583373180, +3.46, +24.055,  +0.26538, -136.000, -1250.000, +184.000
1583373240, +3.46, +23.963,  +0.25299, -141.000, -1268.000, +184.000
1583373300, +3.46, +23.913,  +0.04552, -138.000, -1264.000, +182.000
1583373360, +3.46, +23.813,  -0.04428, -136.000, -1256.000, +183.000
1583373420, +3.46, +23.771,  -0.09073, -136.000, -1256.000, +182.000
1583373480, +3.46, +23.687,  +0.00526, -140.000, -1292.000, +172.000
1583373540, +3.46, +23.604,  +0.22822, -140.000, -1296.000, +158.000
1583373600, +3.46, +23.537,  +0.34898, -128.000, -1304.000, +32.000
1583373660, +3.46, +23.479,  +0.14461, -122.000, -1300.000,  +8.000
1583373720, +3.46, +23.420,  +0.23131, -128.000, -1304.000, +67.000
1583373780, +3.46, +23.345,  -0.13099, -128.000, -1304.000, +35.000
1583373840, +3.46, +23.303,  +0.16319, -120.000, -1337.000,  +3.000
