7450-646496
OS REV: 1.05 Sensor Cal: 1573749572
Time (sec),  BV (Volts),  T (deg C),  DO (mg/l),  Q ()
1583370360,+3.38,+23.720, +8.087,+0.970
1583370420,+3.38,+23.904, +8.055,+0.970
1583370480,+3.38,+24.013, +8.050,+0.970
1583370540,+3.38,+24.072, +8.030,+0.969
1583370600,+3.38,+24.105, +8.027,+0.969
1583370660,+3.39,+24.114, +8.037,+0.970
1583370720,+3.39,+24.097, +8.046,+0.970
1583370780,+3.39,+24.072, +8.048,+0.970
1583370840,+3.39,+24.038, +8.038,+0.969
1583370900,+3.39,+24.005, +8.064,+0.970
1583370960,+3.40,+23.954, +8.070,+0.970
1583371020,+3.40,+23.929, +8.067,+0.970
1583371080,+3.40,+23.887, +8.077,+0.970
1583371140,+3.40,+23.870, +8.071,+0.969
1583371200,+3.40,+23.837, +8.081,+0.970
1583371260,+3.41,+23.418, +9.238,+0.966
1583371320,+3.41,+22.164,+10.305,+0.968
1583371380,+3.41,+21.495,+10.129,+0.968
1583371440,+3.41,+21.010,+10.558,+0.970
1583371500,+3.41,+20.718,+10.491,+0.969
1583371560,+3.41,+20.517,+10.395,+0.970
1583371620,+3.41,+20.391,+10.259,+0.969
1583371680,+3.42,+20.316,+10.160,+0.970
1583371740,+3.42,+20.241,+10.042,+0.970
1583371800,+3.42,+20.191, +9.932,+0.969
1583371860,+3.42,+20.140, +9.831,+0.970
1583371920,+3.42,+20.107, +9.751,+0.970
1583371980,+3.42,+20.090, +9.657,+0.970
1583372040,+3.42,+20.073, +9.563,+0.969
1583372100,+3.42,+20.065, +9.488,+0.970
1583372160,+3.42,+20.065, +9.409,+0.970
1583372220,+3.42,+20.040, +9.347,+0.970
1583372280,+3.42,+20.032, +9.280,+0.969
1583372340,+3.42,+20.032, +9.221,+0.969
1583372400,+3.42,+20.015, +9.178,+0.970
1583372460,+3.42,+20.023, +9.130,+0.970
1583372520,+3.42,+20.023, +9.077,+0.970
1583372580,+3.42,+20.015, +9.036,+0.970
1583372640,+3.42,+20.015, +8.984,+0.969
1583372700,+3.42,+20.006, +8.966,+0.970
1583372760,+3.42,+19.998, +8.927,+0.969
1583372820,+3.42,+19.998, +8.898,+0.970
1583372880,+3.42,+20.006, +8.867,+0.970
1583372940,+3.42,+20.015, +8.835,+0.969
1583373000,+3.42,+19.990, +8.821,+0.969
1583373060,+3.42,+20.006, +8.792,+0.970
1583373120,+3.42,+20.023, +8.764,+0.969
1583373180,+3.42,+20.015, +8.746,+0.969
1583373240,+3.42,+20.006, +8.735,+0.969
1583373300,+3.43,+20.015, +8.724,+0.970
1583373360,+3.43,+19.981, +8.717,+0.970
1583373420,+3.43,+20.015, +8.689,+0.969
1583373480,+3.43,+20.023, +8.685,+0.970
1583373540,+3.43,+20.015, +8.667,+0.970
1583373600,+3.43,+20.023, +8.645,+0.969
1583373660,+3.43,+19.990, +8.647,+0.969
1583373720,+3.43,+20.015, +8.635,+0.969
1583373780,+3.43,+20.023, +8.634,+0.970
1583373840,+3.43,+20.023, +8.614,+0.969
1583373900,+3.43,+20.023, +8.614,+0.970
1583373960,+3.43,+20.032, +8.592,+0.969
1583374020,+3.43,+20.040, +8.584,+0.969
1583374080,+3.43,+20.032, +8.597,+0.970
1583374140,+3.43,+20.023, +8.593,+0.970
1583374200,+3.43,+20.040, +8.583,+0.970
1583374260,+3.43,+20.040, +8.571,+0.969
1583374320,+3.43,+20.048, +8.572,+0.970
1583374380,+3.43,+20.115, +8.614,+0.970
1583374440,+3.43,+20.174, +8.582,+0.969
1583374500,+3.43,+20.216, +8.574,+0.970
1583374560,+3.43,+20.241, +8.561,+0.969
1583374620,+3.43,+20.257, +8.566,+0.970
1583374680,+3.43,+20.291, +8.555,+0.970
1583374740,+3.43,+20.291, +8.554,+0.970
1583374800,+3.43,+20.291, +8.535,+0.969
1583374860,+3.43,+20.308, +8.534,+0.970
1583374920,+3.43,+20.308, +8.530,+0.970
1583374980,+3.43,+20.299, +8.529,+0.970
1583375040,+3.43,+20.316, +8.519,+0.969
1583375100,+3.43,+20.308, +8.526,+0.970
1583375160,+3.43,+20.350, +8.503,+0.969
1583375220,+3.43,+20.333, +8.510,+0.970
1583375280,+3.43,+20.316, +8.513,+0.970
1583375340,+3.43,+20.333, +8.500,+0.969
1583375400,+3.43,+20.333, +8.500,+0.969
1583375460,+3.43,+20.324, +8.509,+0.970
1583375520,+3.43,+20.341, +8.493,+0.969
1583375580,+3.44,+20.324, +8.504,+0.970
1583375640,+3.44,+20.341, +8.502,+0.970
1583375700,+3.44,+20.341, +8.493,+0.969
1583375760,+3.44,+20.341, +8.509,+0.970
1583375820,+3.44,+20.341, +8.498,+0.970
1583375880,+3.44,+20.358, +8.491,+0.970
1583375940,+3.44,+20.366, +8.486,+0.969
1583376000,+3.44,+20.350, +8.487,+0.969
1583376060,+3.44,+20.341, +8.492,+0.970
1583376120,+3.44,+20.358, +8.484,+0.970
1583376180,+3.44,+20.366, +8.489,+0.970
1583376240,+3.44,+20.358, +8.483,+0.969
1583376300,+3.44,+20.358, +8.484,+0.970
1583376360,+3.44,+20.358, +8.494,+0.970
1583376420,+3.44,+20.383, +8.484,+0.970
1583376480,+3.44,+20.366, +8.475,+0.969
1583376540,+3.44,+20.358, +8.493,+0.970
1583376600,+3.44,+20.350, +8.482,+0.969
1583376660,+3.44,+20.366, +8.474,+0.969
1583376720,+3.44,+20.375, +8.483,+0.970
1583376780,+3.44,+20.366, +8.489,+0.970
1583376840,+3.44,+20.383, +8.484,+0.970
1583376900,+3.44,+20.375, +8.474,+0.969
1583376960,+3.44,+20.375, +8.476,+0.970
1583377020,+3.44,+20.375, +8.476,+0.970
1583377080,+3.44,+20.375, +8.489,+0.970
1583377140,+3.44,+20.391, +8.479,+0.970
1583377200,+3.44,+20.391, +8.469,+0.969
1583377260,+3.44,+20.400, +8.482,+0.970
1583377320,+3.44,+20.375, +8.481,+0.970
1583377380,+3.44,+20.416, +8.472,+0.970
1583377440,+3.44,+20.391, +8.482,+0.970
1583377500,+3.44,+20.400, +8.466,+0.969
1583377560,+3.44,+20.400, +8.479,+0.970
1583377620,+3.44,+20.391, +8.476,+0.970
1583377680,+3.44,+20.391, +8.479,+0.970
1583377740,+3.44,+20.383, +8.482,+0.970
1583377800,+3.44,+20.408, +8.469,+0.969
1583377860,+3.44,+20.400, +8.474,+0.969
1583377920,+3.44,+20.391, +8.472,+0.969
1583377980,+3.44,+20.391, +8.481,+0.970
1583378040,+3.44,+20.400, +8.475,+0.970
1583378100,+3.44,+20.425, +8.465,+0.970
1583378160,+3.44,+20.416, +8.484,+0.970
1583378220,+3.44,+20.408, +8.474,+0.970
1583378280,+3.44,+20.425, +8.466,+0.969
1583378340,+3.44,+20.408, +8.476,+0.969
1583378400,+3.44,+20.408, +8.481,+0.970
1583378460,+3.44,+20.425, +8.473,+0.970
1583378520,+3.44,+20.400, +8.476,+0.970
1583378580,+3.44,+20.408, +8.469,+0.969
1583378640,+3.44,+20.416, +8.488,+0.970
1583378700,+3.44,+20.425, +8.469,+0.969
1583378760,+3.44,+20.416, +8.471,+0.969
1583378820,+3.44,+20.425, +8.478,+0.970
1583378880,+3.44,+20.433, +8.474,+0.970
1583378940,+3.44,+20.408, +8.477,+0.970
1583379000,+3.44,+20.408, +8.479,+0.970
1583379060,+3.44,+20.416, +8.486,+0.970
1583379120,+3.44,+20.425, +8.463,+0.969
1583379180,+3.44,+20.433, +8.471,+0.970
1583379240,+3.44,+20.433, +8.481,+0.970
1583379300,+3.44,+20.433, +8.470,+0.970
1583379360,+3.44,+20.416, +8.477,+0.970
1583379420,+3.44,+20.416, +8.477,+0.969
1583379480,+3.44,+20.433, +8.476,+0.970
1583379540,+3.44,+20.433, +8.475,+0.970
1583379600,+3.44,+20.425, +8.484,+0.970
1583379660,+3.44,+20.442, +8.470,+0.970
1583379720,+3.44,+20.425, +8.476,+0.970
1583379780,+3.44,+20.433, +8.483,+0.970
1583379840,+3.44,+20.442, +8.473,+0.970
1583379900,+3.44,+20.442, +8.461,+0.969
1583379960,+3.44,+20.425, +8.475,+0.969
1583380020,+3.44,+20.425, +8.480,+0.970
1583380080,+3.44,+20.433, +8.486,+0.970
1583380140,+3.44,+20.450, +8.463,+0.969
1583380200,+3.44,+20.450, +8.468,+0.970
1583380260,+3.44,+20.433, +8.466,+0.969
1583380320,+3.44,+20.425, +8.475,+0.969
1583380380,+3.44,+20.433, +8.479,+0.970
1583380440,+3.44,+20.458, +8.480,+0.970
1583380500,+3.44,+20.442, +8.472,+0.970
1583380560,+3.44,+20.450, +8.470,+0.970
1583380620,+3.44,+20.450, +8.470,+0.970
1583380680,+3.44,+20.433, +8.482,+0.970
1583380740,+3.44,+20.458, +8.470,+0.970
1583380800,+3.44,+20.442, +8.473,+0.970
1583380860,+3.44,+20.450, +8.470,+0.969
1583380920,+3.44,+20.450, +8.473,+0.969
1583380980,+3.44,+20.450, +8.471,+0.970
1583381040,+3.44,+20.475, +8.463,+0.969
1583381100,+3.45,+20.450, +8.488,+0.971
1583381160,+3.44,+20.467, +8.479,+0.970
1583381220,+3.45,+20.458, +8.465,+0.969
1583381280,+3.44,+20.458, +8.471,+0.969
1583381340,+3.45,+20.458, +8.468,+0.969
1583381400,+3.45,+20.458, +8.484,+0.971
1583381460,+3.45,+20.483, +8.451,+0.969
1583381520,+3.45,+20.467, +8.473,+0.970
1583381580,+3.45,+20.450, +8.464,+0.969
1583381640,+3.45,+20.450, +8.474,+0.970
1583381700,+3.45,+20.450, +8.474,+0.970
1583381760,+3.45,+20.458, +8.474,+0.970
1583381820,+3.45,+20.458, +8.477,+0.970
1583381880,+3.45,+20.458, +8.469,+0.970
1583381940,+3.45,+20.458, +8.477,+0.970
1583382000,+3.45,+20.458, +8.474,+0.970
1583382060,+3.45,+20.467, +8.466,+0.969
1583382120,+3.45,+20.467, +8.466,+0.969
1583382180,+3.45,+20.467, +8.470,+0.970
1583382240,+3.45,+20.475, +8.477,+0.970
1583382300,+3.45,+20.475, +8.471,+0.970
1583382360,+3.45,+20.467, +8.470,+0.969
1583382420,+3.45,+20.483, +8.462,+0.969
1583382480,+3.45,+20.475, +8.470,+0.970
1583382540,+3.45,+20.492, +8.460,+0.970
1583382600,+3.45,+20.458, +8.469,+0.969
1583382660,+3.45,+20.483, +8.457,+0.969
1583382720,+3.45,+20.500, +8.470,+0.970
1583382780,+3.45,+20.475, +8.469,+0.969
1583382840,+3.45,+20.475, +8.483,+0.970
1583382900,+3.45,+20.483, +8.470,+0.970
1583382960,+3.45,+20.467, +8.469,+0.969
1583383020,+3.45,+20.492, +8.475,+0.970
1583383080,+3.45,+20.475, +8.466,+0.969
1583383140,+3.45,+20.475, +8.471,+0.970
1583383200,+3.45,+20.458, +8.476,+0.969
1583383260,+3.45,+20.492, +8.481,+0.970
1583383320,+3.45,+20.475, +8.474,+0.970
1583383380,+3.45,+20.492, +8.476,+0.970
1583383440,+3.45,+20.500, +8.466,+0.970
1583383500,+3.45,+20.483, +8.472,+0.970
1583383560,+3.45,+20.483, +8.477,+0.970
1583383620,+3.45,+20.483, +8.473,+0.970
1583383680,+3.45,+20.492, +8.476,+0.970
1583383740,+3.45,+20.483, +8.479,+0.970
1583383800,+3.45,+20.483, +8.478,+0.970
1583383860,+3.45,+20.475, +8.483,+0.970
1583383920,+3.45,+20.475, +8.479,+0.970
1583383980,+3.45,+20.483, +8.473,+0.970
1583384040,+3.45,+20.475, +8.472,+0.969
1583384100,+3.45,+20.500, +8.478,+0.970
1583384160,+3.45,+20.508, +8.470,+0.970
1583384220,+3.45,+20.483, +8.474,+0.970
1583384280,+3.45,+20.500, +8.465,+0.969
1583384340,+3.45,+20.508, +8.464,+0.969
1583384400,+3.45,+20.492, +8.471,+0.970
1583384460,+3.45,+20.483, +8.478,+0.970
1583384520,+3.45,+20.492, +8.471,+0.970
1583384580,+3.45,+20.500, +8.481,+0.970
1583384640,+3.45,+20.500, +8.466,+0.969
1583384700,+3.45,+20.508, +8.463,+0.969
1583384760,+3.45,+20.508, +8.470,+0.970
1583384820,+3.45,+20.500, +8.465,+0.969
1583384880,+3.45,+20.483, +8.464,+0.969
1583384940,+3.45,+20.508, +8.467,+0.970
1583385000,+3.45,+20.500, +8.452,+0.968
1583385060,+3.45,+20.492, +8.473,+0.970
1583385120,+3.45,+20.508, +8.467,+0.970
1583385180,+3.45,+20.500, +8.468,+0.969
1583385240,+3.45,+20.500, +8.478,+0.970
1583385300,+3.45,+20.517, +8.459,+0.969
1583385360,+3.45,+20.508, +8.464,+0.969
1583385420,+3.45,+20.508, +8.464,+0.969
1583385480,+3.45,+20.508, +8.469,+0.969
1583385540,+3.45,+20.500, +8.480,+0.970
1583385600,+3.45,+20.508, +8.474,+0.970
1583385660,+3.45,+20.500, +8.465,+0.969
1583385720,+3.45,+20.517, +8.475,+0.970
1583385780,+3.45,+20.508, +8.472,+0.970
1583385840,+3.45,+20.508, +8.465,+0.969
1583385900,+3.45,+20.525, +8.471,+0.970
1583385960,+3.45,+20.508, +8.473,+0.970
1583386020,+3.45,+20.517, +8.456,+0.969
1583386080,+3.45,+20.508, +8.477,+0.970
1583386140,+3.45,+20.525, +8.469,+0.970
1583386200,+3.45,+20.508, +8.470,+0.969
1583386260,+3.45,+20.525, +8.472,+0.970
1583386320,+3.45,+20.525, +8.462,+0.969
1583386380,+3.45,+20.500, +8.478,+0.970
1583386440,+3.45,+20.508, +8.465,+0.969
1583386500,+3.45,+20.517, +8.473,+0.970
1583386560,+3.45,+20.534, +8.479,+0.971
1583386620,+3.45,+20.525, +8.475,+0.970
1583386680,+3.45,+20.508, +8.472,+0.970
1583386740,+3.45,+20.508, +8.474,+0.970
1583386800,+3.45,+20.525, +8.481,+0.970
1583386860,+3.45,+20.500, +8.474,+0.970
1583386920,+3.45,+20.534, +8.472,+0.970
1583386980,+3.45,+20.525, +8.484,+0.971
1583387040,+3.45,+20.525, +8.465,+0.970
1583387100,+3.45,+20.525, +8.472,+0.970
1583387160,+3.45,+20.525, +8.471,+0.970
1583387220,+3.45,+20.534, +8.482,+0.970
1583387280,+3.45,+20.517, +8.482,+0.970
1583387340,+3.45,+20.525, +8.479,+0.970
1583387400,+3.45,+20.517, +8.474,+0.970
1583387460,+3.45,+20.534, +8.463,+0.969
1583387520,+3.45,+20.525, +8.476,+0.970
1583387580,+3.45,+20.534, +8.471,+0.970
1583387640,+3.45,+20.525, +8.473,+0.970
1583387700,+3.45,+20.534, +8.479,+0.970
1583387760,+3.45,+20.517, +8.479,+0.970
1583387820,+3.45,+20.525, +8.478,+0.970
1583387880,+3.45,+20.525, +8.469,+0.969
1583387940,+3.45,+20.534, +8.477,+0.970
1583388000,+3.45,+20.534, +8.471,+0.970
1583388060,+3.45,+20.525, +8.467,+0.969
1583388120,+3.45,+20.534, +8.478,+0.970
1583388180,+3.45,+20.517, +8.472,+0.970
1583388240,+3.45,+20.517, +8.469,+0.969
1583388300,+3.45,+20.550, +8.469,+0.970
1583388360,+3.45,+20.525, +8.483,+0.970
1583388420,+3.45,+20.534, +8.472,+0.970
1583388480,+3.45,+20.517, +8.484,+0.970
1583388540,+3.45,+20.542, +8.473,+0.970
1583388600,+3.45,+20.525, +8.471,+0.970
1583388660,+3.45,+20.534, +8.474,+0.970
1583388720,+3.45,+20.534, +8.471,+0.969
1583388780,+3.45,+20.550, +8.473,+0.970
1583388840,+3.45,+20.550, +8.469,+0.970
1583388900,+3.45,+20.534, +8.482,+0.970
1583388960,+3.45,+20.542, +8.472,+0.970
1583389020,+3.45,+20.559, +8.462,+0.969
1583389080,+3.45,+20.534, +8.483,+0.971
1583389140,+3.45,+20.542, +8.464,+0.969
1583389200,+3.45,+20.542, +8.472,+0.970
1583389260,+3.45,+20.542, +8.474,+0.970
1583389320,+3.45,+20.550, +8.465,+0.970
1583389380,+3.45,+20.550, +8.463,+0.969
1583389440,+3.45,+20.550, +8.475,+0.970
1583389500,+3.45,+20.559, +8.470,+0.970
1583389560,+3.45,+20.559, +8.467,+0.970
1583389620,+3.45,+20.542, +8.472,+0.970
1583389680,+3.45,+20.550, +8.469,+0.969
1583389740,+3.45,+20.559, +8.467,+0.970
1583389800,+3.45,+20.542, +8.478,+0.970
1583389860,+3.45,+20.550, +8.472,+0.970
1583389920,+3.45,+20.559, +8.473,+0.970
1583389980,+3.45,+20.542, +8.480,+0.970
1583390040,+3.45,+20.550, +8.471,+0.970
1583390100,+3.45,+20.542, +8.484,+0.971
1583390160,+3.45,+20.567, +8.463,+0.970
1583390220,+3.45,+20.550, +8.485,+0.971
1583390280,+3.45,+20.559, +8.469,+0.970
1583390340,+3.45,+20.542, +8.472,+0.970
1583390400,+3.45,+20.559, +8.474,+0.970
1583390460,+3.45,+20.542, +8.470,+0.969
1583390520,+3.45,+20.550, +8.477,+0.970
1583390580,+3.45,+20.567, +8.465,+0.970
1583390640,+3.45,+20.542, +8.471,+0.969
1583390700,+3.45,+20.542, +8.483,+0.970
1583390760,+3.45,+20.542, +8.473,+0.970
1583390820,+3.45,+20.559, +8.475,+0.970
1583390880,+3.45,+20.550, +8.476,+0.970
1583390940,+3.45,+20.550, +8.477,+0.970
1583391000,+3.45,+20.550, +8.477,+0.970
1583391060,+3.45,+20.534, +8.479,+0.970
1583391120,+3.45,+20.550, +8.481,+0.970
1583391180,+3.45,+20.567, +8.473,+0.970
1583391240,+3.45,+20.559, +8.472,+0.970
1583391300,+3.45,+20.542, +8.474,+0.970
1583391360,+3.45,+20.550, +8.483,+0.970
1583391420,+3.45,+20.567, +8.473,+0.970
1583391480,+3.45,+20.559, +8.474,+0.970
1583391540,+3.45,+20.559, +8.479,+0.970
1583391600,+3.45,+20.559, +8.486,+0.971
1583391660,+3.45,+20.567, +8.463,+0.969
1583391720,+3.45,+20.550, +8.471,+0.969
1583391780,+3.45,+20.534, +8.487,+0.970
1583391840,+3.45,+20.550, +8.481,+0.970
1583391900,+3.45,+20.542, +8.483,+0.970
1583391960,+3.45,+20.567, +8.474,+0.970
1583392020,+3.45,+20.567, +8.471,+0.970
1583392080,+3.45,+20.567, +8.483,+0.971
1583392140,+3.45,+20.567, +8.480,+0.970
1583392200,+3.45,+20.559, +8.478,+0.970
1583392260,+3.45,+20.550, +8.479,+0.970
1583392320,+3.45,+20.559, +8.477,+0.970
1583392380,+3.45,+20.575, +8.472,+0.970
1583392440,+3.45,+20.559, +8.477,+0.970
1583392500,+3.45,+20.575, +8.472,+0.970
1583392560,+3.45,+20.559, +8.483,+0.970
1583392620,+3.45,+20.575, +8.473,+0.970
1583392680,+3.45,+20.575, +8.477,+0.970
1583392740,+3.45,+20.559, +8.476,+0.970
1583392800,+3.45,+20.559, +8.469,+0.969
1583392860,+3.45,+20.575, +8.464,+0.969
1583392920,+3.45,+20.567, +8.468,+0.969
1583392980,+3.45,+20.567, +8.464,+0.969
1583393040,+3.45,+20.559, +8.467,+0.969
1583393100,+3.45,+20.567, +8.466,+0.969
1583393160,+3.45,+20.559, +8.480,+0.970
1583393220,+3.45,+20.567, +8.470,+0.970
1583393280,+3.45,+20.567, +8.477,+0.970
1583393340,+3.45,+20.567, +8.478,+0.970
1583393400,+3.45,+20.575, +8.478,+0.970
1583393460,+3.45,+20.575, +8.466,+0.969
1583393520,+3.45,+20.567, +8.476,+0.970
1583393580,+3.45,+20.575, +8.467,+0.969
1583393640,+3.45,+20.575, +8.473,+0.970
1583393700,+3.45,+20.575, +8.478,+0.970
1583393760,+3.45,+20.567, +8.480,+0.970
1583393820,+3.45,+20.575, +8.487,+0.971
1583393880,+3.45,+20.575, +8.471,+0.970
1583393940,+3.45,+20.575, +8.472,+0.970
1583394000,+3.45,+20.584, +8.462,+0.969
1583394060,+3.45,+20.584, +8.469,+0.970
1583394120,+3.45,+20.584, +8.470,+0.970
1583394180,+3.45,+20.575, +8.476,+0.970
1583394240,+3.45,+20.575, +8.469,+0.969
1583394300,+3.45,+20.575, +8.468,+0.970
1583394360,+3.45,+20.584, +8.470,+0.970
1583394420,+3.45,+20.575, +8.467,+0.969
1583394480,+3.45,+20.584, +8.462,+0.969
1583394540,+3.45,+20.575, +8.471,+0.970
1583394600,+3.45,+20.575, +8.464,+0.969
1583394660,+3.45,+20.575, +8.486,+0.971
1583394720,+3.45,+20.567, +8.487,+0.971
1583394780,+3.45,+20.567, +8.482,+0.970
1583394840,+3.45,+20.584, +8.472,+0.970
1583394900,+3.45,+20.575, +8.478,+0.970
1583394960,+3.45,+20.575, +8.470,+0.970
1583395020,+3.45,+20.584, +8.464,+0.970
1583395080,+3.45,+20.592, +8.469,+0.970
1583395140,+3.45,+20.575, +8.473,+0.970
1583395200,+3.45,+20.575, +8.467,+0.969
1583395260,+3.45,+20.575, +8.471,+0.969
1583395320,+3.45,+20.584, +8.471,+0.970
1583395380,+3.45,+20.592, +8.474,+0.970
1583395440,+3.45,+20.575, +8.469,+0.970
1583395500,+3.45,+20.584, +8.461,+0.969
1583395560,+3.45,+20.575, +8.471,+0.970
1583395620,+3.45,+20.567, +8.478,+0.970
1583395680,+3.45,+20.584, +8.481,+0.970
1583395740,+3.45,+20.592, +8.472,+0.970
1583395800,+3.45,+20.592, +8.474,+0.970
1583395860,+3.45,+20.575, +8.471,+0.970
1583395920,+3.45,+20.567, +8.465,+0.969
1583395980,+3.45,+20.575, +8.479,+0.970
1583396040,+3.45,+20.600, +8.475,+0.970
1583396100,+3.45,+20.592, +8.468,+0.970
1583396160,+3.45,+20.584, +8.474,+0.970
1583396220,+3.45,+20.584, +8.459,+0.969
1583396280,+3.45,+20.600, +8.454,+0.969
1583396340,+3.45,+20.584, +8.478,+0.970
1583396400,+3.45,+20.584, +8.463,+0.969
1583396460,+3.45,+20.584, +8.475,+0.970
1583396520,+3.45,+20.575, +8.478,+0.970
1583396580,+3.45,+20.592, +8.473,+0.970
1583396640,+3.45,+20.575, +8.469,+0.970
1583396700,+3.45,+20.575, +8.470,+0.970
1583396760,+3.45,+20.575, +8.476,+0.970
1583396820,+3.45,+20.575, +8.486,+0.971
1583396880,+3.45,+20.584, +8.467,+0.969
1583396940,+3.45,+20.592, +8.464,+0.970
1583397000,+3.45,+20.575, +8.480,+0.970
1583397060,+3.45,+20.592, +8.474,+0.970
1583397120,+3.45,+20.567, +8.473,+0.969
1583397180,+3.45,+20.592, +8.467,+0.970
1583397240,+3.45,+20.600, +8.471,+0.970
1583397300,+3.45,+20.600, +8.473,+0.970
1583397360,+3.45,+20.584, +8.475,+0.970
1583397420,+3.45,+20.592, +8.472,+0.970
1583397480,+3.45,+20.592, +8.474,+0.970
1583397540,+3.45,+20.567, +8.482,+0.970
1583397600,+3.45,+20.600, +8.475,+0.970
1583397660,+3.45,+20.600, +8.466,+0.970
1583397720,+3.45,+20.609, +8.472,+0.970
1583397780,+3.45,+20.592, +8.458,+0.969
1583397840,+3.45,+20.584, +8.481,+0.970
1583397900,+3.45,+20.584, +8.480,+0.970
1583397960,+3.45,+20.584, +8.469,+0.970
1583398020,+3.45,+20.600, +8.474,+0.970
1583398080,+3.45,+20.592, +8.471,+0.970
1583398140,+3.45,+20.592, +8.465,+0.969
1583398200,+3.45,+20.592, +8.467,+0.970
1583398260,+3.45,+20.592, +8.480,+0.970
1583398320,+3.45,+20.592, +8.473,+0.970
1583398380,+3.45,+20.584, +8.473,+0.970
1583398440,+3.45,+20.600, +8.467,+0.970
1583398500,+3.45,+20.575, +8.478,+0.970
1583398560,+3.45,+20.609, +8.464,+0.970
1583398620,+3.45,+20.609, +8.471,+0.970
1583398680,+3.45,+20.592, +8.464,+0.969
1583398740,+3.45,+20.600, +8.477,+0.971
1583398800,+3.45,+20.600, +8.478,+0.970
1583398860,+3.45,+20.584, +8.471,+0.969
1583398920,+3.45,+20.575, +8.478,+0.970
1583398980,+3.45,+20.600, +8.470,+0.970
1583399040,+3.45,+20.592, +8.479,+0.971
1583399100,+3.45,+20.592, +8.483,+0.971
1583399160,+3.45,+20.600, +8.470,+0.970
1583399220,+3.45,+20.609, +8.464,+0.970
1583399280,+3.45,+20.592, +8.467,+0.970
1583399340,+3.45,+20.592, +8.470,+0.970
1583399400,+3.45,+20.584, +8.472,+0.970
1583399460,+3.45,+20.600, +8.471,+0.970
1583399520,+3.45,+20.592, +8.475,+0.970
1583399580,+3.45,+20.584, +8.472,+0.970
1583399640,+3.45,+20.600, +8.475,+0.970
1583399700,+3.45,+20.584, +8.470,+0.969
1583399760,+3.45,+20.584, +8.475,+0.970
1583399820,+3.45,+20.592, +8.476,+0.970
1583399880,+3.45,+20.592, +8.472,+0.970
1583399940,+3.45,+20.592, +8.478,+0.970
1583400000,+3.45,+20.584, +8.477,+0.970
1583400060,+3.45,+20.600, +8.474,+0.970
1583400120,+3.45,+20.592, +8.473,+0.970
1583400180,+3.45,+20.575, +8.473,+0.970
1583400240,+3.45,+20.592, +8.482,+0.970
1583400300,+3.45,+20.584, +8.467,+0.969
1583400360,+3.45,+20.584, +8.478,+0.970
1583400420,+3.45,+20.584, +8.479,+0.970
1583400480,+3.45,+20.600, +8.462,+0.969
1583400540,+3.45,+20.584, +8.483,+0.970
1583400600,+3.45,+20.592, +8.466,+0.969
1583400660,+3.45,+20.584, +8.470,+0.969
1583400720,+3.45,+20.584, +8.481,+0.970
1583400780,+3.45,+20.600, +8.453,+0.969
1583400840,+3.45,+20.584, +8.473,+0.970
1583400900,+3.45,+20.609, +8.475,+0.970
1583400960,+3.45,+20.584, +8.477,+0.970
1583401020,+3.45,+20.600, +8.475,+0.970
1583401080,+3.45,+20.575, +8.485,+0.970
1583401140,+3.45,+20.584, +8.477,+0.970
1583401200,+3.45,+20.592, +8.469,+0.970
1583401260,+3.45,+20.584, +8.477,+0.970
1583401320,+3.45,+20.575, +8.476,+0.970
1583401380,+3.45,+20.584, +8.472,+0.970
1583401440,+3.45,+20.592, +8.474,+0.970
1583401500,+3.45,+20.600, +8.467,+0.970
1583401560,+3.45,+20.584, +8.471,+0.970
1583401620,+3.45,+20.592, +8.470,+0.970
1583401680,+3.45,+20.584, +8.484,+0.970
1583401740,+3.45,+20.600, +8.475,+0.970
1583401800,+3.45,+20.584, +8.479,+0.970
1583401860,+3.45,+20.584, +8.473,+0.970
1583401920,+3.45,+20.575, +8.477,+0.970
1583401980,+3.45,+20.600, +8.481,+0.970
1583402040,+3.45,+20.584, +8.474,+0.970
1583402100,+3.45,+20.609, +8.467,+0.970
1583402160,+3.45,+20.592, +8.486,+0.971
1583402220,+3.45,+20.575, +8.472,+0.970
1583402280,+3.45,+20.592, +8.473,+0.970
1583402340,+3.45,+20.575, +8.483,+0.970
1583402400,+3.45,+20.584, +8.483,+0.970
1583402460,+3.45,+20.600, +8.473,+0.970
1583402520,+3.45,+20.584, +8.485,+0.970
1583402580,+3.45,+20.584, +8.476,+0.970
1583402640,+3.45,+20.600, +8.483,+0.971
1583402700,+3.45,+20.600, +8.472,+0.970
1583402760,+3.45,+20.575, +8.468,+0.969
1583402820,+3.45,+20.584, +8.485,+0.971
1583402880,+3.45,+20.592, +8.473,+0.970
1583402940,+3.45,+20.584, +8.479,+0.970
1583403000,+3.45,+20.592, +8.472,+0.970
1583403060,+3.45,+20.592, +8.483,+0.971
1583403120,+3.45,+20.592, +8.474,+0.970
1583403180,+3.45,+20.592, +8.482,+0.970
1583403240,+3.45,+20.584, +8.478,+0.970
1583403300,+3.45,+20.592, +8.476,+0.970
1583403360,+3.45,+20.567, +8.485,+0.970
1583403420,+3.45,+20.575, +8.469,+0.970
1583403480,+3.45,+20.584, +8.478,+0.970
1583403540,+3.45,+20.600, +8.475,+0.970
1583403600,+3.45,+20.592, +8.478,+0.970
1583403660,+3.45,+20.592, +8.478,+0.970
1583403720,+3.45,+20.584, +8.479,+0.970
1583403780,+3.45,+20.584, +8.476,+0.970
1583403840,+3.45,+20.592, +8.473,+0.970
1583403900,+3.45,+20.600, +8.466,+0.969
1583403960,+3.45,+20.592, +8.479,+0.970
1583404020,+3.45,+20.575, +8.485,+0.970
1583404080,+3.45,+20.584, +8.471,+0.970
1583404140,+3.45,+20.592, +8.468,+0.970
1583404200,+3.45,+20.584, +8.480,+0.971
1583404260,+3.45,+20.600, +8.469,+0.970
1583404320,+3.45,+20.584, +8.472,+0.970
1583404380,+3.45,+20.592, +8.479,+0.971
1583404440,+3.45,+20.575, +8.488,+0.971
1583404500,+3.45,+20.592, +8.473,+0.970
1583404560,+3.45,+20.575, +8.474,+0.970
1583404620,+3.45,+20.584, +8.484,+0.971
1583404680,+3.45,+20.584, +8.481,+0.970
1583404740,+3.45,+20.600, +8.458,+0.969
1583404800,+3.45,+20.592, +8.472,+0.970
1583404860,+3.45,+20.575, +8.488,+0.971
1583404920,+3.45,+20.592, +8.485,+0.971
1583404980,+3.45,+20.567, +8.481,+0.970
1583405040,+3.45,+20.575, +8.476,+0.970
1583405100,+3.45,+20.559, +8.483,+0.970
1583405160,+3.45,+20.592, +8.470,+0.970
1583405220,+3.45,+20.575, +8.483,+0.970
1583405280,+3.45,+20.575, +8.480,+0.970
1583405340,+3.45,+20.575, +8.475,+0.970
1583405400,+3.45,+20.575, +8.484,+0.971
1583405460,+3.45,+20.575, +8.477,+0.970
1583405520,+3.45,+20.575, +8.468,+0.970
1583405580,+3.45,+20.559, +8.495,+0.971
1583405640,+3.45,+20.575, +8.474,+0.970
1583405700,+3.45,+20.575, +8.483,+0.970
1583405760,+3.45,+20.567, +8.480,+0.970
1583405820,+3.45,+20.575, +8.472,+0.970
1583405880,+3.45,+20.575, +8.470,+0.970
1583405940,+3.45,+20.567, +8.471,+0.970
1583406000,+3.45,+20.559, +8.477,+0.970
1583406060,+3.45,+20.575, +8.482,+0.971
1583406120,+3.45,+20.567, +8.476,+0.970
1583406180,+3.45,+20.575, +8.470,+0.970
1583406240,+3.45,+20.575, +8.473,+0.970
1583406300,+3.45,+20.575, +8.472,+0.970
1583406360,+3.45,+20.567, +8.477,+0.970
1583406420,+3.45,+20.567, +8.483,+0.971
1583406480,+3.45,+20.575, +8.483,+0.970
1583406540,+3.45,+20.567, +8.466,+0.969
1583406600,+3.45,+20.567, +8.475,+0.970
1583406660,+3.45,+20.575, +8.472,+0.970
1583406720,+3.45,+20.567, +8.480,+0.970
1583406780,+3.45,+20.575, +8.474,+0.970
1583406840,+3.45,+20.559, +8.482,+0.970
1583406900,+3.45,+20.550, +8.493,+0.971
1583406960,+3.45,+20.575, +8.467,+0.969
1583407020,+3.45,+20.575, +8.477,+0.970
1583407080,+3.45,+20.584, +8.469,+0.970
1583407140,+3.45,+20.550, +8.490,+0.971
1583407200,+3.45,+20.567, +8.482,+0.970
1583407260,+3.45,+20.567, +8.477,+0.970
1583407320,+3.45,+20.567, +8.489,+0.971
1583407380,+3.45,+20.567, +8.481,+0.970
1583407440,+3.45,+20.575, +8.478,+0.970
1583407500,+3.45,+20.559, +8.485,+0.970
1583407560,+3.45,+20.550, +8.488,+0.970
1583407620,+3.45,+20.567, +8.480,+0.970
1583407680,+3.45,+20.575, +8.479,+0.970
1583407740,+3.45,+20.550, +8.484,+0.970
1583407800,+3.45,+20.567, +8.479,+0.970
1583407860,+3.45,+20.584, +8.470,+0.970
1583407920,+3.45,+20.575, +8.473,+0.970
1583407980,+3.45,+20.575, +8.486,+0.971
1583408040,+3.45,+20.575, +8.487,+0.971
1583408100,+3.45,+20.559, +8.482,+0.970
1583408160,+3.45,+20.559, +8.468,+0.969
1583408220,+3.45,+20.567, +8.480,+0.970
1583408280,+3.45,+20.559, +8.479,+0.970
1583408340,+3.45,+20.550, +8.487,+0.970
1583408400,+3.45,+20.550, +8.492,+0.971
1583408460,+3.45,+20.559, +8.481,+0.970
1583408520,+3.45,+20.575, +8.478,+0.970
1583408580,+3.45,+20.559, +8.486,+0.970
1583408640,+3.45,+20.559, +8.474,+0.970
1583408700,+3.45,+20.575, +8.472,+0.970
1583408760,+3.45,+20.567, +8.486,+0.971
1583408820,+3.45,+20.567, +8.472,+0.970
1583408880,+3.45,+20.559, +8.475,+0.970
1583408940,+3.45,+20.575, +8.475,+0.970
1583409000,+3.45,+20.567, +8.483,+0.970
1583409060,+3.45,+20.575, +8.471,+0.970
1583409120,+3.45,+20.575, +8.471,+0.970
1583409180,+3.45,+20.550, +8.485,+0.970
1583409240,+3.45,+20.575, +8.476,+0.970
1583409300,+3.45,+20.567, +8.476,+0.970
1583409360,+3.45,+20.550, +8.486,+0.970
1583409420,+3.45,+20.550, +8.488,+0.970
1583409480,+3.45,+20.559, +8.469,+0.969
1583409540,+3.45,+20.559, +8.480,+0.970
1583409600,+3.45,+20.550, +8.490,+0.970
1583409660,+3.45,+20.550, +8.467,+0.969
1583409720,+3.45,+20.575, +8.470,+0.970
1583409780,+3.45,+20.567, +8.469,+0.970
1583409840,+3.45,+20.559, +8.481,+0.970
1583409900,+3.45,+20.559, +8.482,+0.970
1583409960,+3.45,+20.559, +8.492,+0.971
1583410020,+3.45,+20.550, +8.484,+0.970
1583410080,+3.45,+20.542, +8.490,+0.970
1583410140,+3.45,+20.567, +8.476,+0.970
1583410200,+3.45,+20.559, +8.483,+0.970
1583410260,+3.45,+20.567, +8.487,+0.971
1583410320,+3.45,+20.559, +8.485,+0.970
1583410380,+3.45,+20.567, +8.488,+0.971
1583410440,+3.45,+20.559, +8.483,+0.970
1583410500,+3.45,+20.559, +8.474,+0.970
1583410560,+3.45,+20.559, +8.487,+0.970
1583410620,+3.45,+20.542, +8.488,+0.970
1583410680,+3.45,+20.550, +8.481,+0.970
1583410740,+3.45,+20.567, +8.475,+0.970
1583410800,+3.45,+20.550, +8.475,+0.969
1583410860,+3.45,+20.567, +8.469,+0.970
1583410920,+3.45,+20.550, +8.480,+0.970
1583410980,+3.45,+20.550, +8.476,+0.970
1583411040,+3.45,+20.550, +8.487,+0.970
1583411100,+3.45,+20.567, +8.484,+0.970
1583411160,+3.45,+20.542, +8.491,+0.970
1583411220,+3.45,+20.567, +8.497,+0.971
1583411280,+3.45,+20.542, +8.487,+0.970
1583411340,+3.45,+20.542, +8.480,+0.970
1583411400,+3.45,+20.550, +8.483,+0.970
1583411460,+3.45,+20.534, +8.482,+0.970
1583411520,+3.45,+20.550, +8.485,+0.970
1583411580,+3.45,+20.542, +8.493,+0.971
1583411640,+3.45,+20.559, +8.486,+0.970
1583411700,+3.45,+20.542, +8.490,+0.970
1583411760,+3.45,+20.542, +8.486,+0.970
1583411820,+3.45,+20.542, +8.480,+0.970
1583411880,+3.45,+20.534, +8.489,+0.970
1583411940,+3.45,+20.550, +8.481,+0.970
1583412000,+3.45,+20.550, +8.485,+0.970
1583412060,+3.45,+20.542, +8.486,+0.970
1583412120,+3.45,+20.567, +8.492,+0.971
1583412180,+3.45,+20.550, +8.486,+0.970
1583412240,+3.45,+20.550, +8.484,+0.970
1583412300,+3.45,+20.550, +8.485,+0.970
1583412360,+3.45,+20.550, +8.482,+0.970
1583412420,+3.45,+20.525, +8.497,+0.971
1583412480,+3.45,+20.542, +8.476,+0.970
1583412540,+3.45,+20.559, +8.477,+0.970
1583412600,+3.45,+20.542, +8.482,+0.970
1583412660,+3.45,+20.534, +8.494,+0.971
1583412720,+3.45,+20.534, +8.496,+0.971
1583412780,+3.45,+20.542, +8.494,+0.971
1583412840,+3.45,+20.542, +8.493,+0.971
1583412900,+3.45,+20.534, +8.481,+0.970
1583412960,+3.45,+20.542, +8.491,+0.970
1583413020,+3.45,+20.534, +8.491,+0.970
1583413080,+3.45,+20.534, +8.494,+0.971
1583413140,+3.45,+20.542, +8.493,+0.971
1583413200,+3.45,+20.542, +8.489,+0.970
1583413260,+3.45,+20.550, +8.488,+0.970
1583413320,+3.45,+20.542, +8.494,+0.971
1583413380,+3.45,+20.534, +8.483,+0.970
1583413440,+3.45,+20.559, +8.486,+0.970
1583413500,+3.45,+20.550, +8.485,+0.970
1583413560,+3.45,+20.542, +8.496,+0.971
1583413620,+3.45,+20.542, +8.485,+0.970
1583413680,+3.45,+20.542, +8.494,+0.971
1583413740,+3.45,+20.542, +8.487,+0.970
1583413800,+3.45,+20.517, +8.498,+0.971
1583413860,+3.45,+20.542, +8.483,+0.970
1583413920,+3.45,+20.550, +8.482,+0.970
1583413980,+3.45,+20.534, +8.488,+0.970
1583414040,+3.45,+20.550, +8.482,+0.970
1583414100,+3.45,+20.525, +8.489,+0.970
1583414160,+3.45,+20.534, +8.493,+0.970
1583414220,+3.45,+20.550, +8.487,+0.970
1583414280,+3.45,+20.542, +8.485,+0.970
1583414340,+3.45,+20.525, +8.493,+0.971
1583414400,+3.45,+20.534, +8.485,+0.970
1583414460,+3.45,+20.534, +8.492,+0.970
1583414520,+3.45,+20.534, +8.488,+0.970
1583414580,+3.45,+20.550, +8.482,+0.970
1583414640,+3.45,+20.525, +8.481,+0.970
1583414700,+3.45,+20.550, +8.489,+0.971
1583414760,+3.45,+20.525, +8.491,+0.971
1583414820,+3.45,+20.542, +8.488,+0.970
1583414880,+3.45,+20.534, +8.488,+0.970
1583414940,+3.45,+20.534, +8.485,+0.970
1583415000,+3.45,+20.534, +8.487,+0.970
1583415060,+3.45,+20.534, +8.483,+0.970
1583415120,+3.45,+20.534, +8.491,+0.970
1583415180,+3.45,+20.534, +8.483,+0.970
1583415240,+3.45,+20.534, +8.491,+0.970
1583415300,+3.45,+20.542, +8.494,+0.970
1583415360,+3.45,+20.542, +8.482,+0.970
1583415420,+3.45,+20.525, +8.486,+0.970
1583415480,+3.45,+20.525, +8.498,+0.971
1583415540,+3.45,+20.534, +8.491,+0.970
1583415600,+3.45,+20.525, +8.504,+0.971
1583415660,+3.45,+20.534, +8.493,+0.970
1583415720,+3.45,+20.534, +8.495,+0.970
1583415780,+3.45,+20.525, +8.495,+0.971
1583415840,+3.45,+20.534, +8.482,+0.970
1583415900,+3.45,+20.517, +8.489,+0.970
1583415960,+3.45,+20.534, +8.491,+0.971
1583416020,+3.45,+20.517, +8.500,+0.971
1583416080,+3.45,+20.525, +8.482,+0.970
1583416140,+3.45,+20.525, +8.502,+0.971
1583416200,+3.45,+20.508, +8.498,+0.970
1583416260,+3.45,+20.542, +8.487,+0.970
1583416320,+3.45,+20.525, +8.482,+0.969
1583416380,+3.45,+20.534, +8.478,+0.970
1583416440,+3.45,+20.508, +8.490,+0.970
1583416500,+3.45,+20.525, +8.491,+0.970
1583416560,+3.45,+20.525, +8.493,+0.970
1583416620,+3.45,+20.525, +8.492,+0.970
1583416680,+3.45,+20.525, +8.492,+0.970
1583416740,+3.45,+20.534, +8.501,+0.971
1583416800,+3.45,+20.525, +8.496,+0.970
1583416860,+3.45,+20.525, +8.496,+0.970
1583416920,+3.45,+20.525, +8.501,+0.971
1583416980,+3.45,+20.517, +8.485,+0.970
1583417040,+3.45,+20.525, +8.496,+0.971
1583417100,+3.45,+20.517, +8.496,+0.970
1583417160,+3.45,+20.534, +8.499,+0.971
1583417220,+3.45,+20.517, +8.506,+0.971
1583417280,+3.45,+20.525, +8.487,+0.970
1583417340,+3.45,+20.517, +8.492,+0.970
1583417400,+3.45,+20.517, +8.492,+0.970
1583417460,+3.45,+20.517, +8.494,+0.970
1583417520,+3.45,+20.508, +8.493,+0.970
1583417580,+3.45,+20.525, +8.495,+0.970
1583417640,+3.45,+20.508, +8.499,+0.970
1583417700,+3.45,+20.508, +8.500,+0.970
1583417760,+3.45,+20.517, +8.501,+0.971
1583417820,+3.45,+20.517, +8.506,+0.971
1583417880,+3.45,+20.534, +8.479,+0.969
1583417940,+3.45,+20.525, +8.494,+0.970
1583418000,+3.45,+20.500, +8.503,+0.971
1583418060,+3.45,+20.517, +8.491,+0.970
1583418120,+3.45,+20.517, +8.495,+0.970
1583418180,+3.45,+20.517, +8.497,+0.971
1583418240,+3.45,+20.500, +8.503,+0.970
1583418300,+3.45,+20.508, +8.499,+0.970
1583418360,+3.45,+20.508, +8.507,+0.971
1583418420,+3.45,+20.525, +8.494,+0.970
1583418480,+3.45,+20.500, +8.501,+0.970
1583418540,+3.45,+20.500, +8.506,+0.971
1583418600,+3.45,+20.508, +8.497,+0.970
1583418660,+3.45,+20.508, +8.490,+0.970
1583418720,+3.45,+20.517, +8.490,+0.970
1583418780,+3.45,+20.508, +8.507,+0.971
1583418840,+3.45,+20.517, +8.494,+0.970
1583418900,+3.45,+20.525, +8.486,+0.970
1583418960,+3.45,+20.492, +8.503,+0.970
1583419020,+3.45,+20.517, +8.506,+0.971
1583419080,+3.45,+20.508, +8.506,+0.971
1583419140,+3.45,+20.517, +8.497,+0.970
1583419200,+3.45,+20.492, +8.502,+0.970
1583419260,+3.45,+20.508, +8.505,+0.971
1583419320,+3.45,+20.534, +8.491,+0.970
1583419380,+3.45,+20.517, +8.503,+0.971
1583419440,+3.45,+20.508, +8.494,+0.970
1583419500,+3.45,+20.517, +8.507,+0.971
1583419560,+3.45,+20.500, +8.490,+0.970
1583419620,+3.45,+20.525, +8.494,+0.970
1583419680,+3.45,+20.508, +8.496,+0.970
1583419740,+3.45,+20.517, +8.501,+0.970
1583419800,+3.45,+20.517, +8.480,+0.969
1583419860,+3.45,+20.508, +8.501,+0.970
1583419920,+3.45,+20.500, +8.508,+0.971
1583419980,+3.45,+20.517, +8.497,+0.971
1583420040,+3.45,+20.500, +8.494,+0.970
1583420100,+3.45,+20.508, +8.502,+0.970
1583420160,+3.45,+20.500, +8.492,+0.970
1583420220,+3.45,+20.517, +8.492,+0.970
1583420280,+3.45,+20.500, +8.504,+0.970
1583420340,+3.45,+20.492, +8.505,+0.970
1583420400,+3.45,+20.525, +8.492,+0.970
1583420460,+3.45,+20.500, +8.509,+0.971
1583420520,+3.45,+20.508, +8.506,+0.971
1583420580,+3.45,+20.517, +8.490,+0.970
1583420640,+3.45,+20.492, +8.514,+0.971
1583420700,+3.45,+20.500, +8.486,+0.969
1583420760,+3.45,+20.492, +8.494,+0.970
1583420820,+3.45,+20.525, +8.493,+0.970
1583420880,+3.45,+20.508, +8.498,+0.970
1583420940,+3.45,+20.508, +8.503,+0.971
1583421000,+3.45,+20.517, +8.502,+0.971
1583421060,+3.45,+20.492, +8.504,+0.970
1583421120,+3.45,+20.508, +8.495,+0.970
1583421180,+3.45,+20.517, +8.498,+0.970
1583421240,+3.45,+20.500, +8.514,+0.971
1583421300,+3.45,+20.500, +8.504,+0.970
1583421360,+3.45,+20.517, +8.496,+0.970
1583421420,+3.45,+20.508, +8.497,+0.970
1583421480,+3.45,+20.483, +8.505,+0.970
1583421540,+3.45,+20.483, +8.514,+0.971
1583421600,+3.45,+20.500, +8.507,+0.971
1583421660,+3.45,+20.500, +8.499,+0.970
1583421720,+3.45,+20.500, +8.494,+0.970
1583421780,+3.45,+20.508, +8.503,+0.971
1583421840,+3.45,+20.508, +8.490,+0.970
1583421900,+3.45,+20.492, +8.497,+0.970
1583421960,+3.45,+20.508, +8.502,+0.970
1583422020,+3.45,+20.500, +8.500,+0.970
1583422080,+3.45,+20.508, +8.500,+0.970
1583422140,+3.45,+20.492, +8.513,+0.971
1583422200,+3.45,+20.500, +8.507,+0.971
1583422260,+3.45,+20.500, +8.505,+0.970
1583422320,+3.45,+20.517, +8.499,+0.971
1583422380,+3.45,+20.517, +8.500,+0.970
1583422440,+3.45,+20.508, +8.498,+0.970
1583422500,+3.45,+20.500, +8.500,+0.970
1583422560,+3.45,+20.508, +8.507,+0.971
1583422620,+3.45,+20.508, +8.503,+0.971
1583422680,+3.45,+20.500, +8.488,+0.970
1583422740,+3.45,+20.492, +8.504,+0.970
1583422800,+3.45,+20.508, +8.513,+0.971
1583422860,+3.45,+20.508, +8.501,+0.971
1583422920,+3.45,+20.500, +8.498,+0.970
1583422980,+3.45,+20.508, +8.500,+0.970
1583423040,+3.45,+20.508, +8.497,+0.970
1583423100,+3.45,+20.517, +8.493,+0.970
1583423160,+3.45,+20.508, +8.503,+0.970
1583423220,+3.45,+20.508, +8.508,+0.971
1583423280,+3.45,+20.492, +8.510,+0.971
1583423340,+3.45,+20.500, +8.504,+0.970
1583423400,+3.45,+20.508, +8.504,+0.970
1583423460,+3.45,+20.500, +8.507,+0.971
1583423520,+3.45,+20.500, +8.494,+0.970
1583423580,+3.45,+20.517, +8.498,+0.970
1583423640,+3.45,+20.500, +8.502,+0.970
1583423700,+3.45,+20.492, +8.513,+0.971
1583423760,+3.45,+20.508, +8.501,+0.970
1583423820,+3.45,+20.492, +8.505,+0.970
1583423880,+3.45,+20.517, +8.505,+0.971
1583423940,+3.45,+20.525, +8.491,+0.970
1583424000,+3.45,+20.500, +8.506,+0.970
1583424060,+3.45,+20.508, +8.503,+0.970
1583424120,+3.45,+20.492, +8.510,+0.970
1583424180,+3.45,+20.525, +8.501,+0.971
1583424240,+3.45,+20.492, +8.500,+0.970
1583424300,+3.45,+20.500, +8.511,+0.970
1583424360,+3.45,+20.492, +8.517,+0.971
1583424420,+3.45,+20.508, +8.508,+0.970
1583424480,+3.45,+20.500, +8.517,+0.971
1583424540,+3.45,+20.500, +8.513,+0.971
1583424600,+3.45,+20.517, +8.497,+0.970
1583424660,+3.45,+20.508, +8.511,+0.971
1583424720,+3.45,+20.492, +8.516,+0.971
1583424780,+3.45,+20.508, +8.500,+0.970
1583424840,+3.45,+20.500, +8.498,+0.970
1583424900,+3.45,+20.508, +8.501,+0.970
1583424960,+3.45,+20.500, +8.513,+0.971
1583425020,+3.45,+20.508, +8.509,+0.971
1583425080,+3.45,+20.508, +8.511,+0.971
1583425140,+3.45,+20.517, +8.501,+0.970
1583425200,+3.45,+20.500, +8.500,+0.970
1583425260,+3.45,+20.508, +8.507,+0.970
1583425320,+3.45,+20.517, +8.502,+0.970
1583425380,+3.45,+20.517, +8.509,+0.970
1583425440,+3.45,+20.500, +8.501,+0.970
1583425500,+3.45,+20.508, +8.499,+0.970
1583425560,+3.45,+20.525, +8.500,+0.971
1583425620,+3.45,+20.500, +8.512,+0.970
1583425680,+3.45,+20.525, +8.499,+0.970
1583425740,+3.45,+20.525, +8.496,+0.970
1583425800,+3.45,+20.508, +8.505,+0.970
1583425860,+3.45,+20.500, +8.511,+0.971
1583425920,+3.45,+20.517, +8.501,+0.970
1583425980,+3.45,+20.500, +8.506,+0.970
1583426040,+3.45,+20.534, +8.497,+0.970
1583426100,+3.45,+20.517, +8.506,+0.970
1583426160,+3.45,+20.517, +8.517,+0.971
1583426220,+3.45,+20.508, +8.496,+0.970
1583426280,+3.45,+20.517, +8.507,+0.970
1583426340,+3.45,+20.525, +8.503,+0.970
1583426400,+3.45,+20.525, +8.503,+0.970
1583426460,+3.45,+20.534, +8.498,+0.970
1583426520,+3.45,+20.525, +8.496,+0.970
1583426580,+3.45,+20.534, +8.506,+0.970
1583426640,+3.45,+20.508, +8.510,+0.971
1583426700,+3.45,+20.525, +8.504,+0.970
1583426760,+3.45,+20.517, +8.518,+0.971
1583426820,+3.45,+20.517, +8.504,+0.970
1583426880,+3.45,+20.517, +8.503,+0.970
1583426940,+3.45,+20.525, +8.500,+0.970
1583427000,+3.45,+20.525, +8.511,+0.971
1583427060,+3.45,+20.517, +8.505,+0.970
1583427120,+3.45,+20.508, +8.511,+0.971
1583427180,+3.45,+20.517, +8.512,+0.971
1583427240,+3.45,+20.517, +8.527,+0.972
1583427300,+3.45,+20.517, +8.497,+0.970
1583427360,+3.45,+20.500, +8.514,+0.970
1583427420,+3.45,+20.517, +8.505,+0.970
1583427480,+3.45,+20.508, +8.501,+0.970
1583427540,+3.45,+20.517, +8.499,+0.970
1583427600,+3.45,+20.517, +8.509,+0.970
1583427660,+3.45,+20.534, +8.501,+0.970
1583427720,+3.45,+20.517, +8.504,+0.970
1583427780,+3.45,+20.525, +8.514,+0.971
1583427840,+3.45,+20.517, +8.500,+0.970
1583427900,+3.45,+20.517, +8.502,+0.970
1583427960,+3.45,+20.517, +8.510,+0.971
1583428020,+3.45,+20.534, +8.516,+0.971
1583428080,+3.45,+20.517, +8.510,+0.971
1583428140,+3.45,+20.525, +8.506,+0.970
1583428200,+3.45,+20.525, +8.509,+0.971
1583428260,+3.45,+20.525, +8.498,+0.970
1583428320,+3.45,+20.542, +8.502,+0.970
1583428380,+3.45,+20.508, +8.508,+0.970
1583428440,+3.45,+20.525, +8.506,+0.970
1583428500,+3.45,+20.517, +8.519,+0.971
1583428560,+3.45,+20.525, +8.501,+0.970
1583428620,+3.45,+20.534, +8.506,+0.970
1583428680,+3.45,+20.534, +8.514,+0.971
1583428740,+3.45,+20.534, +8.493,+0.970
1583428800,+3.45,+20.534, +8.519,+0.971
1583428860,+3.45,+20.542, +8.501,+0.970
1583428920,+3.45,+20.517, +8.516,+0.971
1583428980,+3.45,+20.534, +8.499,+0.970
1583429040,+3.45,+20.534, +8.506,+0.970
1583429100,+3.45,+20.542, +8.506,+0.971
1583429160,+3.45,+20.517, +8.510,+0.971
1583429220,+3.45,+20.517, +8.514,+0.971
1583429280,+3.45,+20.525, +8.504,+0.970
1583429340,+3.45,+20.534, +8.496,+0.970
1583429400,+3.45,+20.508, +8.508,+0.970
1583429460,+3.45,+20.525, +8.501,+0.970
1583429520,+3.45,+20.542, +8.497,+0.970
1583429580,+3.45,+20.542, +8.505,+0.971
1583429640,+3.45,+20.534, +8.510,+0.971
1583429700,+3.45,+20.542, +8.499,+0.970
1583429760,+3.45,+20.534, +8.505,+0.970
1583429820,+3.45,+20.525, +8.509,+0.970
1583429880,+3.45,+20.534, +8.509,+0.971
1583429940,+3.45,+20.534, +8.514,+0.971
1583430000,+3.45,+20.550, +8.510,+0.971
1583430060,+3.45,+20.542, +8.511,+0.971
1583430120,+3.45,+20.550, +8.495,+0.970
1583430180,+3.45,+20.550, +8.505,+0.971
1583430240,+3.45,+20.517, +8.506,+0.970
1583430300,+3.45,+20.525, +8.513,+0.971
1583430360,+3.45,+20.534, +8.504,+0.971
1583430420,+3.45,+20.542, +8.508,+0.971
1583430480,+3.45,+20.534, +8.510,+0.971
1583430540,+3.45,+20.542, +8.499,+0.970
1583430600,+3.45,+20.559, +8.501,+0.971
1583430660,+3.45,+20.542, +8.511,+0.971
1583430720,+3.45,+20.550, +8.498,+0.970
1583430780,+3.45,+20.542, +8.506,+0.970
1583430840,+3.45,+20.542, +8.494,+0.970
1583430900,+3.45,+20.534, +8.497,+0.970
1583430960,+3.45,+20.534, +8.515,+0.971
1583431020,+3.45,+20.542, +8.502,+0.971
1583431080,+3.45,+20.542, +8.500,+0.970
1583431140,+3.45,+20.542, +8.500,+0.970
1583431200,+3.45,+20.534, +8.510,+0.971
1583431260,+3.45,+20.525, +8.503,+0.970
1583431320,+3.45,+20.534, +8.509,+0.971
1583431380,+3.45,+20.550, +8.505,+0.971
1583431440,+3.45,+20.550, +8.496,+0.970
1583431500,+3.45,+20.567, +8.511,+0.971
1583431560,+3.45,+20.550, +8.503,+0.971
1583431620,+3.45,+20.550, +8.507,+0.971
1583431680,+3.45,+20.550, +8.505,+0.971
1583431740,+3.45,+20.542, +8.498,+0.970
1583431800,+3.45,+20.567, +8.504,+0.971
1583431860,+3.45,+20.534, +8.499,+0.970
1583431920,+3.45,+20.550, +8.502,+0.971
1583431980,+3.45,+20.542, +8.505,+0.971
1583432040,+3.45,+20.542, +8.514,+0.971
1583432100,+3.45,+20.550, +8.507,+0.971
1583432160,+3.45,+20.559, +8.507,+0.971
1583432220,+3.45,+20.559, +8.498,+0.970
1583432280,+3.45,+20.559, +8.509,+0.971
1583432340,+3.45,+20.542, +8.512,+0.971
1583432400,+3.45,+20.550, +8.501,+0.970
1583432460,+3.45,+20.559, +8.508,+0.971
1583432520,+3.45,+20.567, +8.511,+0.971
1583432580,+3.45,+20.550, +8.506,+0.971
1583432640,+3.45,+20.542, +8.506,+0.970
1583432700,+3.45,+20.550, +8.504,+0.971
1583432760,+3.45,+20.559, +8.507,+0.971
1583432820,+3.45,+20.534, +8.515,+0.971
1583432880,+3.45,+20.559, +8.499,+0.970
1583432940,+3.45,+20.567, +8.489,+0.970
1583433000,+3.45,+20.550, +8.500,+0.970
1583433060,+3.45,+20.567, +8.491,+0.970
1583433120,+3.45,+20.559, +8.515,+0.971
1583433180,+3.45,+20.567, +8.510,+0.971
1583433240,+3.45,+20.567, +8.498,+0.970
1583433300,+3.45,+20.559, +8.499,+0.970
1583433360,+3.45,+20.575, +8.499,+0.971
1583433420,+3.45,+20.559, +8.509,+0.971
1583433480,+3.45,+20.567, +8.500,+0.970
1583433540,+3.45,+20.567, +8.495,+0.970
1583433600,+3.45,+20.567, +8.499,+0.971
1583433660,+3.45,+20.575, +8.499,+0.971
1583433720,+3.45,+20.567, +8.511,+0.971
1583433780,+3.45,+20.559, +8.508,+0.971
1583433840,+3.45,+20.567, +8.506,+0.971
1583433900,+3.45,+20.567, +8.500,+0.970
1583433960,+3.45,+20.584, +8.498,+0.970
1583434020,+3.45,+20.575, +8.499,+0.970
1583434080,+3.45,+20.567, +8.499,+0.970
1583434140,+3.45,+20.575, +8.505,+0.971
1583434200,+3.45,+20.567, +8.504,+0.970
1583434260,+3.45,+20.575, +8.507,+0.971
1583434320,+3.45,+20.567, +8.500,+0.970
1583434380,+3.45,+20.575, +8.504,+0.971
1583434440,+3.45,+20.575, +8.502,+0.971
1583434500,+3.45,+20.584, +8.505,+0.971
1583434560,+3.45,+20.584, +8.493,+0.970
1583434620,+3.45,+20.592, +8.507,+0.971
1583434680,+3.45,+20.584, +8.496,+0.970
1583434740,+3.45,+20.592, +8.484,+0.970
1583434800,+3.45,+20.592, +8.499,+0.971
1583434860,+3.45,+20.584, +8.493,+0.970
1583434920,+3.45,+20.584, +8.492,+0.970
1583434980,+3.45,+20.592, +8.498,+0.971
1583435040,+3.45,+20.584, +8.505,+0.971
1583435100,+3.45,+20.600, +8.502,+0.971
1583435160,+3.45,+20.584, +8.505,+0.971
1583435220,+3.45,+20.600, +8.489,+0.970
1583435280,+3.45,+20.592, +8.497,+0.970
1583435340,+3.45,+20.584, +8.498,+0.971
1583435400,+3.45,+20.584, +8.499,+0.970
1583435460,+3.45,+20.592, +8.502,+0.971
1583435520,+3.45,+20.584, +8.501,+0.971
1583435580,+3.45,+20.575, +8.504,+0.971
1583435640,+3.45,+20.609, +8.483,+0.970
1583435700,+3.45,+20.592, +8.498,+0.971
1583435760,+3.45,+20.592, +8.489,+0.970
1583435820,+3.45,+20.592, +8.508,+0.971
1583435880,+3.45,+20.600, +8.501,+0.971
1583435940,+3.45,+20.592, +8.494,+0.970
1583436000,+3.45,+20.600, +8.489,+0.970
1583436060,+3.45,+20.600, +8.490,+0.970
1583436120,+3.45,+20.600, +8.500,+0.971
1583436180,+3.45,+20.592, +8.487,+0.970
1583436240,+3.45,+20.609, +8.497,+0.971
1583436300,+3.45,+20.600, +8.492,+0.970
1583436360,+3.45,+20.600, +8.501,+0.971
1583436420,+3.45,+20.617, +8.492,+0.970
1583436480,+3.45,+20.600, +8.491,+0.970
1583436540,+3.45,+20.617, +8.492,+0.971
1583436600,+3.45,+20.609, +8.496,+0.971
1583436660,+3.45,+20.600, +8.491,+0.970
1583436720,+3.45,+20.592, +8.497,+0.970
1583436780,+3.45,+20.617, +8.491,+0.971
1583436840,+3.45,+20.600, +8.501,+0.971
1583436900,+3.45,+20.600, +8.487,+0.970
1583436960,+3.45,+20.609, +8.496,+0.971
1583437020,+3.45,+20.617, +8.492,+0.971
1583437080,+3.45,+20.609, +8.490,+0.971
1583437140,+3.45,+20.617, +8.487,+0.970
1583437200,+3.45,+20.617, +8.492,+0.971
1583437260,+3.45,+20.609, +8.495,+0.971
1583437320,+3.45,+20.626, +8.493,+0.971
1583437380,+3.45,+20.609, +8.485,+0.970
1583437440,+3.45,+20.617, +8.495,+0.971
1583437500,+3.45,+20.617, +8.490,+0.971
1583437560,+3.45,+20.600, +8.496,+0.971
1583437620,+3.45,+20.609, +8.496,+0.971
1583437680,+3.45,+20.634, +8.483,+0.970
1583437740,+3.45,+20.609, +8.491,+0.970
1583437800,+3.45,+20.617, +8.497,+0.971
1583437860,+3.45,+20.634, +8.491,+0.971
1583437920,+3.45,+20.617, +8.501,+0.971
1583437980,+3.45,+20.617, +8.490,+0.970
1583438040,+3.45,+20.617, +8.482,+0.970
1583438100,+3.45,+20.642, +8.479,+0.970
1583438160,+3.45,+20.626, +8.492,+0.971
1583438220,+3.45,+20.617, +8.485,+0.970
1583438280,+3.45,+20.642, +8.484,+0.971
1583438340,+3.45,+20.617, +8.487,+0.970
1583438400,+3.45,+20.626, +8.492,+0.971
1583438460,+3.45,+20.634, +8.487,+0.970
1583438520,+3.45,+20.634, +8.492,+0.971
1583438580,+3.45,+20.626, +8.483,+0.970
1583438640,+3.45,+20.634, +8.483,+0.970
1583438700,+3.45,+20.626, +8.480,+0.970
1583438760,+3.45,+20.626, +8.489,+0.971
1583438820,+3.45,+20.626, +8.487,+0.970
1583438880,+3.45,+20.634, +8.494,+0.971
1583438940,+3.45,+20.634, +8.489,+0.971
1583439000,+3.45,+20.634, +8.489,+0.971
1583439060,+3.45,+20.626, +8.488,+0.970
1583439120,+3.45,+20.634, +8.484,+0.970
1583439180,+3.45,+20.651, +8.478,+0.970
1583439240,+3.45,+20.642, +8.497,+0.971
1583439300,+3.45,+20.634, +8.496,+0.971
1583439360,+3.45,+20.642, +8.483,+0.970
1583439420,+3.45,+20.659, +8.475,+0.970
1583439480,+3.45,+20.642, +8.480,+0.970
1583439540,+3.45,+20.651, +8.476,+0.970
1583439600,+3.45,+20.634, +8.493,+0.971
1583439660,+3.45,+20.642, +8.479,+0.970
1583439720,+3.45,+20.626, +8.479,+0.970
1583439780,+3.45,+20.642, +8.498,+0.971
1583439840,+3.45,+20.634, +8.483,+0.971
1583439900,+3.45,+20.651, +8.489,+0.971
1583439960,+3.45,+20.659, +8.478,+0.970
1583440020,+3.45,+20.659, +8.467,+0.970
1583440080,+3.45,+20.634, +8.493,+0.971
1583440140,+3.45,+20.651, +8.481,+0.971
1583440200,+3.45,+20.651, +8.475,+0.970
1583440260,+3.45,+20.642, +8.485,+0.971
1583440320,+3.45,+20.642, +8.487,+0.971
1583440380,+3.45,+20.659, +8.473,+0.970
1583440440,+3.45,+20.651, +8.486,+0.971
1583440500,+3.45,+20.651, +8.473,+0.970
1583440560,+3.45,+20.642, +8.488,+0.971
1583440620,+3.45,+20.651, +8.481,+0.971
1583440680,+3.45,+20.642, +8.479,+0.970
1583440740,+3.45,+20.651, +8.486,+0.971
1583440800,+3.45,+20.659, +8.471,+0.970
1583440860,+3.45,+20.667, +8.479,+0.971
1583440920,+3.45,+20.659, +8.480,+0.971
1583440980,+3.45,+20.659, +8.480,+0.971
1583441040,+3.45,+20.667, +8.474,+0.970
1583441100,+3.45,+20.667, +8.474,+0.970
1583441160,+3.45,+20.684, +8.475,+0.971
1583441220,+3.45,+20.659, +8.485,+0.971
1583441280,+3.45,+20.659, +8.480,+0.971
1583441340,+3.45,+20.684, +8.469,+0.970
1583441400,+3.45,+20.667, +8.482,+0.971
1583441460,+3.45,+20.659, +8.476,+0.970
1583441520,+3.45,+20.676, +8.471,+0.970
1583441580,+3.45,+20.667, +8.469,+0.970
1583441640,+3.45,+20.651, +8.485,+0.971
1583441700,+3.45,+20.667, +8.469,+0.970
1583441760,+3.45,+20.676, +8.472,+0.970
1583441820,+3.45,+20.676, +8.475,+0.971
1583441880,+3.45,+20.676, +8.471,+0.970
1583441940,+3.45,+20.667, +8.482,+0.971
1583442000,+3.45,+20.684, +8.467,+0.970
1583442060,+3.45,+20.667, +8.475,+0.971
1583442120,+3.45,+20.676, +8.463,+0.970
1583442180,+3.45,+20.684, +8.475,+0.971
1583442240,+3.45,+20.684, +8.469,+0.970
1583442300,+3.45,+20.684, +8.461,+0.970
1583442360,+3.45,+20.667, +8.474,+0.971
1583442420,+3.45,+20.684, +8.473,+0.971
1583442480,+3.45,+20.676, +8.473,+0.970
1583442540,+3.45,+20.684, +8.465,+0.970
1583442600,+3.45,+20.676, +8.471,+0.971
1583442660,+3.45,+20.684, +8.461,+0.970
1583442720,+3.45,+20.684, +8.467,+0.970
1583442780,+3.45,+20.692, +8.459,+0.970
1583442840,+3.45,+20.684, +8.466,+0.971
1583442900,+3.45,+20.684, +8.472,+0.971
1583442960,+3.45,+20.676, +8.467,+0.971
1583443020,+3.45,+20.701, +8.473,+0.971
1583443080,+3.45,+20.701, +8.464,+0.970
1583443140,+3.45,+20.692, +8.462,+0.970
1583443200,+3.45,+20.701, +8.465,+0.971
1583443260,+3.45,+20.684, +8.470,+0.971
1583443320,+3.45,+20.701, +8.465,+0.971
1583443380,+3.45,+20.692, +8.466,+0.971
1583443440,+3.45,+20.701, +8.463,+0.971
1583443500,+3.45,+20.701, +8.469,+0.971
1583443560,+3.45,+20.718, +8.463,+0.971
1583443620,+3.45,+20.692, +8.462,+0.971
1583443680,+3.45,+20.709, +8.464,+0.971
1583443740,+3.45,+20.676, +8.465,+0.970
1583443800,+3.45,+20.692, +8.460,+0.970
1583443860,+3.45,+20.701, +8.463,+0.971
1583443920,+3.45,+20.709, +8.461,+0.971
1583443980,+3.45,+20.709, +8.459,+0.971
1583444040,+3.45,+20.718, +8.458,+0.971
1583444100,+3.45,+20.709, +8.461,+0.971
1583444160,+3.45,+20.701, +8.458,+0.970
1583444220,+3.45,+20.701, +8.476,+0.971
1583444280,+3.45,+20.709, +8.459,+0.971
1583444340,+3.45,+20.575, +8.334,+0.970
1583444400,+3.45,+20.324, +8.473,+0.971
1583444460,+3.45,+20.199, +8.535,+0.968
1583444520,+3.45,+20.249, +8.587,+0.967
1583444580,+3.45,+20.316, +8.587,+0.967
1583444640,+3.45,+20.375, +8.573,+0.967
1583444700,+3.45,+20.458, +8.597,+0.968
1583444760,+3.45,+20.525, +8.559,+0.967
1583444820,+3.45,+20.617, +8.547,+0.967
1583444880,+3.45,+20.684, +8.523,+0.967
1583444940,+3.45,+20.809, +8.409,+0.968
1583445000,+3.45,+20.985, +8.366,+0.968
1583445060,+3.45,+21.144, +8.319,+0.967
1583445120,+3.45,+21.269, +8.306,+0.969
1583445180,+3.45,+21.386, +8.276,+0.968
1583445240,+3.45,+21.461, +8.260,+0.968
1583445300,+3.45,+21.537, +8.246,+0.969
1583445360,+3.45,+21.570, +8.251,+0.969
1583445420,+3.45,+21.620, +8.240,+0.969
1583445480,+3.45,+21.654, +8.225,+0.968
1583445540,+3.45,+21.687, +8.221,+0.968
1583445600,+3.45,+21.721, +8.219,+0.969
1583445660,+3.45,+21.729, +8.222,+0.969
1583445720,+3.45,+21.771, +8.207,+0.968
1583445780,+3.45,+21.771, +8.211,+0.969
1583445840,+3.45,+21.821, +8.192,+0.968
1583445900,+3.45,+21.863, +8.182,+0.968
1583445960,+3.45,+21.838, +8.202,+0.969
1583446020,+3.45,+21.888, +8.185,+0.969
1583446080,+3.45,+21.896, +8.191,+0.969
1583446140,+3.45,+21.921, +8.174,+0.968
1583446200,+3.45,+21.938, +8.183,+0.969
1583446260,+3.45,+21.938, +8.186,+0.969
1583446320,+3.45,+21.963, +8.180,+0.969
1583446380,+3.45,+21.980, +8.164,+0.968
1583446440,+3.45,+21.988, +8.182,+0.969
1583446500,+3.45,+22.013, +8.174,+0.969
1583446560,+3.45,+22.030, +8.171,+0.969
1583446620,+3.45,+22.047, +8.161,+0.969
1583446680,+3.45,+22.055, +8.160,+0.969
1583446740,+3.45,+22.072, +8.149,+0.969
1583446800,+3.45,+22.063, +8.160,+0.969
1583446860,+3.45,+22.072, +8.154,+0.969
1583446920,+3.45,+22.105, +8.145,+0.968
1583446980,+3.45,+22.122, +8.151,+0.969
1583447040,+3.45,+22.147, +8.140,+0.969
1583447100,+3.45,+22.155, +8.148,+0.969
1583447160,+3.45,+22.164, +8.147,+0.969
1583447220,+3.45,+22.164, +8.144,+0.969
1583447280,+3.45,+22.164, +8.154,+0.969
1583447340,+3.45,+22.197, +8.138,+0.969
1583447400,+3.45,+22.214, +8.129,+0.969
1583447460,+3.45,+22.222, +8.129,+0.969
1583447520,+3.45,+22.205, +8.141,+0.969
1583447580,+3.45,+22.230, +8.138,+0.969
1583447640,+3.45,+22.247, +8.131,+0.969
1583447700,+3.45,+22.239, +8.142,+0.970
1583447760,+3.45,+22.272, +8.131,+0.970
1583447820,+3.45,+22.272, +8.135,+0.970
1583447880,+3.45,+22.281, +8.141,+0.970
1583447940,+3.45,+22.306, +8.129,+0.970
1583448000,+3.45,+22.297, +8.126,+0.969
1583448060,+3.45,+22.306, +8.127,+0.969
1583448120,+3.45,+22.322, +8.122,+0.970
1583448180,+3.45,+22.322, +8.132,+0.970
1583448240,+3.45,+22.356, +8.111,+0.969
1583448300,+3.45,+22.339, +8.130,+0.970
1583448360,+3.45,+22.364, +8.119,+0.970
1583448420,+3.45,+22.356, +8.118,+0.969
1583448480,+3.45,+22.364, +8.110,+0.969
1583448540,+3.45,+22.373, +8.116,+0.970
1583448600,+3.45,+22.389, +8.104,+0.969
1583448660,+3.45,+22.389, +8.108,+0.969
1583448720,+3.45,+22.381, +8.114,+0.970
1583448780,+3.45,+22.406, +8.096,+0.969
1583448840,+3.45,+22.423, +8.112,+0.970
1583448900,+3.45,+22.414, +8.108,+0.970
1583448960,+3.45,+22.431, +8.109,+0.970
1583449020,+3.45,+22.423, +8.101,+0.969
1583449080,+3.45,+22.431, +8.098,+0.969
1583449140,+3.45,+22.448, +8.097,+0.969
1583449200,+3.45,+22.456, +8.096,+0.969
1583449260,+3.45,+22.481, +8.097,+0.970
1583449320,+3.45,+22.464, +8.100,+0.970
1583449380,+3.45,+22.448, +8.110,+0.970
1583449440,+3.45,+22.481, +8.099,+0.970
1583449500,+3.45,+22.498, +8.100,+0.970
1583449560,+3.45,+22.481, +8.100,+0.970
1583449620,+3.45,+22.498, +8.090,+0.969
1583449680,+3.45,+22.490, +8.100,+0.970
1583449740,+3.45,+22.506, +8.249,+0.974
