7450-646496
OS REV: 1.05 Sensor Cal: 1573749572
Time (sec),  BV (Volts),  T (deg C),  DO (mg/l),  Q ()
1583619540,+3.44,+16.502, +9.940,+0.965
1583619600,+3.44,+16.477, +9.960,+0.965
1583619660,+3.44,+16.485, +9.962,+0.964
1583619720,+3.44,+16.485,+10.000,+0.965
1583619780,+3.44,+16.477,+10.020,+0.965
1583619840,+3.44,+16.443,+10.006,+0.965
1583619900,+3.44,+16.443, +9.995,+0.964
1583619960,+3.44,+16.434, +9.983,+0.964
1583620020,+3.44,+16.409, +9.997,+0.964
1583620080,+3.44,+16.434,+10.020,+0.966
1583620140,+3.44,+16.417,+10.021,+0.966
1583620200,+3.44,+16.409,+10.008,+0.965
1583620260,+3.44,+16.417,+10.004,+0.965
1583620320,+3.44,+16.417,+10.007,+0.965
1583620380,+3.44,+16.409, +9.999,+0.965
1583620440,+3.44,+16.400,+10.007,+0.965
1583620500,+3.44,+16.392,+10.039,+0.966
1583620560,+3.44,+16.400,+10.023,+0.965
1583620620,+3.44,+16.409,+10.035,+0.965
1583620680,+3.44,+16.409,+10.045,+0.966
1583620740,+3.44,+16.392,+10.040,+0.965
1583620800,+3.44,+16.400,+10.048,+0.965
1583620860,+3.44,+16.383,+10.053,+0.965
1583620920,+3.44,+16.409,+10.042,+0.965
1583620980,+3.44,+16.400,+10.048,+0.965
1583621040,+3.44,+16.426,+10.042,+0.965
1583621100,+3.44,+16.434,+10.027,+0.965
1583621160,+3.44,+16.426,+10.045,+0.965
1583621220,+3.44,+16.417,+10.042,+0.965
1583621280,+3.44,+16.426,+10.050,+0.965
1583621340,+3.44,+16.434,+10.046,+0.965
1583621400,+3.44,+16.434,+10.055,+0.965
1583621460,+3.44,+16.434,+10.055,+0.965
1583621520,+3.44,+16.434,+10.065,+0.965
1583621580,+3.44,+16.443,+10.057,+0.965
1583621640,+3.44,+16.443,+10.075,+0.966
1583621700,+3.44,+16.451,+10.074,+0.966
1583621760,+3.44,+16.443,+10.079,+0.965
1583621820,+3.44,+16.451,+10.066,+0.965
1583621880,+3.44,+16.468,+10.052,+0.964
1583621940,+3.44,+16.468,+10.067,+0.965
1583622000,+3.44,+16.468,+10.078,+0.965
1583622060,+3.44,+16.460,+10.059,+0.964
1583622120,+3.44,+16.460,+10.093,+0.965
1583622180,+3.44,+16.451,+10.100,+0.964
1583622240,+3.44,+16.451,+10.105,+0.965
1583622300,+3.44,+16.460,+10.089,+0.965
1583622360,+3.44,+16.468,+10.079,+0.965
1583622420,+3.44,+16.477,+10.048,+0.965
1583622480,+3.44,+16.451,+10.048,+0.965
1583622540,+3.44,+16.434,+10.064,+0.965
1583622600,+3.44,+16.434,+10.052,+0.964
1583622660,+3.44,+16.426,+10.078,+0.965
1583622720,+3.44,+16.409,+10.080,+0.964
1583622780,+3.44,+16.417,+10.084,+0.965
1583622840,+3.44,+16.417,+10.088,+0.965
1583622900,+3.44,+16.417,+10.090,+0.965
1583622960,+3.44,+16.400,+10.084,+0.965
1583623020,+3.44,+16.383,+10.076,+0.964
1583623080,+3.44,+16.392,+10.083,+0.965
1583623140,+3.44,+16.392,+10.090,+0.965
1583623200,+3.44,+16.366,+10.094,+0.965
1583623260,+3.44,+16.366,+10.108,+0.965
1583623320,+3.44,+16.358,+10.096,+0.965
1583623380,+3.44,+16.358,+10.078,+0.964
1583623440,+3.44,+16.332,+10.066,+0.965
1583623500,+3.44,+16.349,+10.044,+0.964
1583623560,+3.44,+16.341,+10.039,+0.965
1583623620,+3.44,+16.332,+10.031,+0.965
1583623680,+3.44,+16.324,+10.013,+0.964
1583623740,+3.44,+16.341,+10.012,+0.965
1583623800,+3.44,+16.324,+10.000,+0.965
1583623860,+3.44,+16.332, +9.992,+0.965
1583623920,+3.44,+16.315, +9.998,+0.965
1583623980,+3.44,+16.290,+10.000,+0.965
1583624040,+3.44,+16.281, +9.999,+0.965
1583624100,+3.44,+16.290,+10.021,+0.966
1583624160,+3.44,+16.290, +9.996,+0.965
1583624220,+3.44,+16.290,+10.001,+0.965
1583624280,+3.44,+16.264,+10.004,+0.965
1583624340,+3.44,+16.264,+10.013,+0.966
1583624400,+3.44,+16.281, +9.999,+0.965
1583624460,+3.44,+16.264, +9.975,+0.964
1583624520,+3.44,+16.264, +9.992,+0.965
1583624580,+3.44,+16.256, +9.993,+0.965
1583624640,+3.44,+16.256, +9.975,+0.965
1583624700,+3.44,+16.247, +9.957,+0.965
1583624760,+3.44,+16.264, +9.956,+0.965
1583624820,+3.44,+16.247, +9.974,+0.966
1583624880,+3.44,+16.256, +9.967,+0.965
1583624940,+3.44,+16.239, +9.963,+0.965
1583625000,+3.44,+16.247, +9.955,+0.965
1583625060,+3.44,+16.222, +9.957,+0.964
1583625120,+3.44,+16.256, +9.950,+0.965
1583625180,+3.44,+16.230, +9.951,+0.964
1583625240,+3.44,+16.239, +9.952,+0.965
1583625300,+3.44,+16.230, +9.952,+0.965
1583625360,+3.44,+16.222, +9.942,+0.965
1583625420,+3.44,+16.247, +9.936,+0.965
1583625480,+3.44,+16.239, +9.939,+0.965
1583625540,+3.44,+16.239, +9.933,+0.965
1583625600,+3.44,+16.239, +9.943,+0.965
1583625660,+3.44,+16.222, +9.936,+0.965
1583625720,+3.44,+16.230, +9.923,+0.964
1583625780,+3.44,+16.230, +9.935,+0.965
1583625840,+3.44,+16.222, +9.934,+0.965
1583625900,+3.44,+16.230, +9.925,+0.965
1583625960,+3.44,+16.230, +9.927,+0.965
1583626020,+3.44,+16.222, +9.924,+0.965
1583626080,+3.44,+16.213, +9.927,+0.965
1583626140,+3.44,+16.222, +9.919,+0.965
1583626200,+3.44,+16.188, +9.920,+0.965
1583626260,+3.44,+16.205, +9.926,+0.964
1583626320,+3.44,+16.196, +9.969,+0.966
1583626380,+3.44,+16.196, +9.953,+0.965
1583626440,+3.44,+16.222, +9.984,+0.965
1583626500,+3.44,+16.230,+10.019,+0.965
1583626560,+3.44,+16.239,+10.053,+0.965
1583626620,+3.44,+16.256,+10.067,+0.965
1583626680,+3.44,+16.264,+10.079,+0.965
1583626740,+3.44,+16.264,+10.068,+0.965
1583626800,+3.44,+16.273,+10.063,+0.965
1583626860,+3.44,+16.264,+10.058,+0.965
1583626920,+3.44,+16.256,+10.042,+0.965
1583626980,+3.44,+16.264,+10.029,+0.965
1583627040,+3.44,+16.247,+10.017,+0.965
1583627100,+3.44,+16.239,+10.025,+0.966
1583627160,+3.44,+16.247,+10.005,+0.965
1583627220,+3.44,+16.230, +9.992,+0.964
1583627280,+3.44,+16.247, +9.988,+0.965
1583627340,+3.44,+16.230, +9.979,+0.965
1583627400,+3.44,+16.230, +9.979,+0.965
1583627460,+3.44,+16.230, +9.989,+0.966
1583627520,+3.44,+16.230, +9.964,+0.965
1583627580,+3.44,+16.239, +9.949,+0.965
1583627640,+3.44,+16.222, +9.934,+0.965
1583627700,+3.44,+16.213, +9.946,+0.966
1583627760,+3.44,+16.222, +9.913,+0.964
1583627820,+3.44,+16.213, +9.931,+0.965
1583627880,+3.44,+16.205, +9.935,+0.965
1583627940,+3.44,+16.213, +9.931,+0.965
1583628000,+3.44,+16.222, +9.925,+0.965
1583628060,+3.44,+16.213, +9.931,+0.965
1583628120,+3.44,+16.222, +9.918,+0.964
1583628180,+3.44,+16.205, +9.933,+0.965
1583628240,+3.44,+16.230, +9.929,+0.966
1583628300,+3.44,+16.230, +9.911,+0.965
1583628360,+3.44,+16.205, +9.918,+0.964
1583628420,+3.44,+16.222, +9.910,+0.964
1583628480,+3.44,+16.222, +9.930,+0.966
1583628540,+3.44,+16.205, +9.907,+0.965
1583628600,+3.44,+16.205, +9.932,+0.966
1583628660,+3.44,+16.230, +9.988,+0.965
1583628720,+3.44,+16.247, +9.996,+0.965
1583628780,+3.44,+16.256, +9.977,+0.965
1583628840,+3.44,+16.230, +9.985,+0.966
1583628900,+3.44,+16.247, +9.983,+0.966
1583628960,+3.44,+16.239, +9.981,+0.965
1583629020,+3.44,+16.239, +9.958,+0.965
1583629080,+3.44,+16.222, +9.994,+0.965
1583629140,+3.44,+16.247, +9.956,+0.965
1583629200,+3.44,+16.222, +9.958,+0.965
1583629260,+3.44,+16.247,+10.056,+0.965
1583629320,+3.44,+16.273,+10.517,+0.965
1583629380,+3.44,+16.519,+11.131,+0.965
1583629440,+3.44,+16.867,+12.815,+0.968
1583629500,+3.44,+17.113,+12.752,+0.966
1583629560,+3.44,+17.274, +9.576,+0.963
1583629620,+3.44,+17.028, +9.336,+0.963
1583629680,+3.44,+16.655, +9.382,+0.963
1583629740,+3.44,+16.400, +9.421,+0.963
1583629800,+3.44,+16.205, +9.458,+0.963
1583629860,+3.44,+16.085, +9.473,+0.963
1583629920,+3.44,+15.957, +9.501,+0.963
1583629980,+3.45,+15.829, +9.536,+0.963
1583630040,+3.45,+15.761, +9.541,+0.963
1583630100,+3.45,+15.812, +9.600,+0.965
1583630160,+3.44,+16.307, +9.076,+0.965
1583630220,+3.44,+16.715, +8.854,+0.964
1583630280,+3.44,+16.986, +8.590,+0.964
1583630340,+3.44,+17.147, +8.569,+0.964
1583630400,+3.44,+17.282, +9.242,+0.965
1583630460,+3.44,+17.198, +9.257,+0.965
1583630520,+3.44,+16.867, +9.313,+0.963
1583630580,+3.44,+16.613, +9.380,+0.963
1583630640,+3.44,+16.358, +9.447,+0.963
1583630700,+3.44,+16.060, +9.498,+0.962
1583630760,+3.45,+15.846, +9.542,+0.963
1583630820,+3.44,+15.675, +9.598,+0.963
1583630880,+3.44,+15.487, +9.630,+0.962
1583630940,+3.44,+15.359, +9.653,+0.962
1583631000,+3.44,+15.247, +9.665,+0.962
1583631060,+3.44,+15.547, +9.615,+0.964
1583631120,+3.44,+15.513, +9.622,+0.963
1583631180,+3.44,+15.316, +9.657,+0.963
1583631240,+3.44,+15.041, +9.704,+0.962
1583631300,+3.45,+14.731, +9.780,+0.963
1583631360,+3.44,+14.524, +9.808,+0.963
1583631420,+3.44,+14.342, +9.879,+0.963
1583631480,+3.44,+14.351, +9.817,+0.963
1583631540,+3.44,+14.481, +9.778,+0.963
1583631600,+3.45,+14.679, +9.735,+0.963
1583631660,+3.45,+14.886, +9.706,+0.964
1583631720,+3.44,+15.093, +9.671,+0.964
1583631780,+3.44,+15.256, +9.625,+0.964
1583631840,+3.44,+15.453, +9.593,+0.964
1583631900,+3.44,+15.616, +9.549,+0.964
1583631960,+3.45,+15.761, +9.528,+0.964
1583632020,+3.45,+15.898, +9.506,+0.965
1583632080,+3.44,+16.017, +9.468,+0.964
1583632140,+3.44,+16.136, +9.454,+0.965
1583632200,+3.44,+16.239, +9.435,+0.965
1583632260,+3.44,+16.324, +9.416,+0.965
1583632320,+3.44,+16.400, +9.410,+0.965
1583632380,+3.44,+16.494, +9.379,+0.965
1583632440,+3.44,+16.553, +9.364,+0.965
1583632500,+3.44,+16.621, +9.354,+0.965
1583632560,+3.44,+16.689, +9.354,+0.966
1583632620,+3.44,+16.749, +9.333,+0.965
1583632680,+3.44,+16.783, +9.322,+0.965
1583632740,+3.44,+16.842, +9.314,+0.965
1583632800,+3.44,+16.893, +9.289,+0.964
1583632860,+3.44,+16.935, +9.308,+0.966
1583632920,+3.44,+16.978, +9.288,+0.965
1583632980,+3.44,+17.028, +9.278,+0.965
1583633040,+3.44,+17.071, +9.258,+0.965
1583633100,+3.44,+17.096, +9.272,+0.966
1583633160,+3.44,+17.122, +9.269,+0.966
1583633220,+3.44,+17.181, +9.239,+0.965
1583633280,+3.44,+17.206, +9.254,+0.966
1583633340,+3.44,+17.232, +9.234,+0.965
1583633400,+3.44,+17.257, +9.232,+0.965
1583633460,+3.44,+17.282, +9.220,+0.965
1583633520,+3.44,+17.299, +9.222,+0.965
1583633580,+3.44,+17.325, +9.210,+0.965
1583633640,+3.44,+17.350, +9.202,+0.965
1583633700,+3.44,+17.358, +9.210,+0.965
1583633760,+3.44,+17.392, +9.198,+0.965
1583633820,+3.44,+17.418, +9.200,+0.965
1583633880,+3.44,+17.435, +9.184,+0.965
1583633940,+3.44,+17.477, +9.180,+0.966
1583634000,+3.44,+17.477, +9.178,+0.965
1583634060,+3.44,+17.511, +9.168,+0.965
1583634120,+3.44,+17.528, +9.175,+0.966
1583634180,+3.44,+17.519, +9.155,+0.965
1583634240,+3.44,+17.511, +9.167,+0.965
1583634300,+3.44,+17.519, +9.161,+0.965
1583634360,+3.44,+17.544, +9.164,+0.966
1583634420,+3.44,+17.629, +9.152,+0.965
1583634480,+3.44,+17.663, +9.138,+0.965
1583634540,+3.44,+17.696, +9.129,+0.965
1583634600,+3.44,+17.688, +9.140,+0.965
1583634660,+3.44,+18.269, +9.038,+0.965
1583634720,+3.44,+18.278, +9.048,+0.964
1583634780,+3.44,+18.236, +9.079,+0.964
1583634840,+3.44,+18.177, +9.098,+0.964
1583634900,+3.44,+18.135, +9.091,+0.964
1583634960,+3.44,+18.101, +9.100,+0.964
1583635020,+3.44,+18.067, +9.110,+0.964
1583635080,+3.44,+18.051, +9.125,+0.964
1583635140,+3.44,+18.042, +9.131,+0.964
1583635200,+3.44,+18.051, +9.117,+0.964
1583635260,+3.44,+18.034, +9.116,+0.964
1583635320,+3.44,+18.051, +9.113,+0.964
1583635380,+3.44,+18.051, +9.107,+0.964
1583635440,+3.44,+18.051, +9.106,+0.964
1583635500,+3.44,+18.067, +9.124,+0.964
1583635560,+3.44,+18.076, +9.121,+0.963
1583635620,+3.44,+18.067, +9.113,+0.964
1583635680,+3.44,+18.076, +9.120,+0.964
1583635740,+3.44,+18.093, +9.109,+0.963
1583635800,+3.44,+18.101, +9.113,+0.964
1583635860,+3.44,+18.093, +9.104,+0.964
1583635920,+3.44,+18.109, +9.096,+0.964
1583635980,+3.44,+18.135, +9.108,+0.964
1583636040,+3.44,+18.135, +9.100,+0.964
1583636100,+3.44,+18.160, +9.086,+0.964
1583636160,+3.44,+18.143, +9.100,+0.963
1583636220,+3.44,+18.152, +9.097,+0.963
1583636280,+3.44,+18.168, +9.099,+0.964
1583636340,+3.44,+18.152, +9.097,+0.964
1583636400,+3.44,+18.168, +9.084,+0.963
1583636460,+3.44,+18.185, +9.087,+0.964
1583636520,+3.44,+18.211, +9.083,+0.963
1583636580,+3.44,+18.211, +9.098,+0.964
1583636640,+3.44,+18.219, +9.096,+0.964
1583636700,+3.44,+18.211, +9.089,+0.963
1583636760,+3.44,+18.236, +9.069,+0.963
1583636820,+3.44,+18.253, +9.072,+0.964
1583636880,+3.44,+18.278, +9.071,+0.963
1583636940,+3.44,+18.261, +9.097,+0.964
1583637000,+3.44,+18.295, +9.075,+0.965
1583637060,+3.44,+18.295, +9.080,+0.964
1583637120,+3.44,+18.303, +9.069,+0.963
1583637180,+3.44,+18.345, +9.075,+0.964
1583637240,+3.44,+18.328, +9.065,+0.963
1583637300,+3.44,+18.354, +9.060,+0.964
1583637360,+3.44,+18.362, +9.047,+0.963
1583637420,+3.44,+18.362, +9.064,+0.964
1583637480,+3.44,+18.396, +9.052,+0.964
1583637540,+3.44,+18.429, +9.052,+0.964
1583637600,+3.44,+18.413, +9.051,+0.963
1583637660,+3.44,+18.421, +9.059,+0.963
1583637720,+3.44,+18.446, +9.048,+0.964
1583637780,+3.44,+18.455, +9.029,+0.963
1583637840,+3.44,+18.463, +9.039,+0.964
1583637900,+3.44,+18.480, +9.039,+0.964
1583637960,+3.44,+18.463, +9.043,+0.963
1583638020,+3.44,+18.488, +9.035,+0.964
1583638080,+3.44,+18.497, +9.042,+0.963
1583638140,+3.44,+18.505, +9.028,+0.963
1583638200,+3.44,+18.513, +9.037,+0.963
1583638260,+3.44,+18.505, +9.060,+0.964
1583638320,+3.44,+18.505, +9.052,+0.963
1583638380,+3.44,+18.513, +9.047,+0.963
1583638440,+3.44,+18.513, +9.012,+0.963
1583638500,+3.44,+18.505, +9.041,+0.964
1583638560,+3.44,+18.513, +9.047,+0.964
1583638620,+3.44,+18.505, +9.040,+0.963
1583638680,+3.44,+18.513, +9.063,+0.964
1583638740,+3.44,+18.505, +9.055,+0.964
1583638800,+3.44,+18.530, +9.048,+0.964
1583638860,+3.44,+18.522, +9.039,+0.964
1583638920,+3.44,+18.539, +9.042,+0.964
1583638980,+3.44,+18.547, +9.015,+0.964
1583639040,+3.44,+18.547, +9.036,+0.964
1583639100,+3.44,+18.564, +9.016,+0.964
1583639160,+3.44,+18.572, +9.020,+0.964
1583639220,+3.44,+18.581, +9.018,+0.963
1583639280,+3.44,+18.598, +9.013,+0.963
1583639340,+3.44,+18.606, +9.021,+0.964
1583639400,+3.44,+18.640, +9.009,+0.964
1583639460,+3.44,+18.640, +9.017,+0.964
1583639520,+3.44,+18.665, +8.997,+0.963
1583639580,+3.44,+18.690, +9.015,+0.964
1583639640,+3.44,+18.707, +8.992,+0.963
1583639700,+3.44,+18.724, +8.995,+0.964
1583639760,+3.44,+18.732, +8.990,+0.963
1583639820,+3.44,+18.749, +8.986,+0.963
1583639880,+3.44,+18.757, +8.993,+0.964
1583639940,+3.44,+18.757, +8.994,+0.964
1583640000,+3.44,+18.791, +8.995,+0.964
1583640060,+3.44,+18.808, +8.979,+0.964
1583640120,+3.44,+18.816, +8.981,+0.964
1583640180,+3.44,+18.841, +8.970,+0.964
1583640240,+3.44,+18.850, +8.965,+0.964
1583640300,+3.44,+18.850, +8.967,+0.964
1583640360,+3.44,+18.875, +8.955,+0.963
1583640420,+3.44,+18.892, +8.974,+0.964
1583640480,+3.44,+18.900, +8.961,+0.963
1583640540,+3.44,+18.908, +8.959,+0.963
1583640600,+3.44,+18.934, +8.948,+0.963
1583640660,+3.44,+18.934, +8.963,+0.964
1583640720,+3.44,+18.950, +8.950,+0.963
1583640780,+3.44,+18.975, +8.950,+0.964
1583640840,+3.44,+18.984, +8.948,+0.964
1583640900,+3.45,+18.992, +8.944,+0.964
1583640960,+3.45,+19.001, +8.937,+0.963
1583641020,+3.45,+18.992, +8.955,+0.964
1583641080,+3.45,+19.026, +8.938,+0.964
1583641140,+3.45,+19.026, +8.942,+0.964
1583641200,+3.45,+19.034, +8.939,+0.964
1583641260,+3.45,+19.059, +8.924,+0.963
1583641320,+3.45,+19.068, +8.937,+0.964
1583641380,+3.45,+19.059, +8.937,+0.964
1583641440,+3.45,+19.085, +8.926,+0.963
1583641500,+3.45,+19.085, +8.936,+0.964
1583641560,+3.45,+19.101, +8.936,+0.964
1583641620,+3.45,+19.101, +8.931,+0.964
1583641680,+3.45,+19.110, +8.921,+0.963
1583641740,+3.45,+19.135, +8.931,+0.964
1583641800,+3.45,+19.118, +8.947,+0.965
1583641860,+3.45,+19.127, +8.938,+0.964
1583641920,+3.45,+19.143, +8.926,+0.964
1583641980,+3.45,+19.152, +8.925,+0.964
1583642040,+3.45,+19.160, +8.928,+0.964
1583642100,+3.45,+19.168, +8.932,+0.964
1583642160,+3.45,+19.168, +8.928,+0.964
1583642220,+3.45,+19.185, +8.922,+0.964
1583642280,+3.45,+19.202, +8.921,+0.964
1583642340,+3.45,+19.210, +8.930,+0.964
1583642400,+3.45,+19.210, +8.927,+0.964
1583642460,+3.45,+19.227, +8.921,+0.964
1583642520,+3.44,+19.227, +8.917,+0.964
1583642580,+3.45,+19.244, +8.906,+0.963
1583642640,+3.45,+19.244, +8.922,+0.964
1583642700,+3.45,+19.261, +8.915,+0.964
1583642760,+3.45,+19.269, +8.910,+0.964
1583642820,+3.45,+19.252, +8.926,+0.964
1583642880,+3.44,+19.252, +8.930,+0.964
1583642940,+3.45,+19.261, +8.914,+0.963
1583643000,+3.45,+19.286, +8.913,+0.964
1583643060,+3.45,+19.286, +8.922,+0.964
1583643120,+3.45,+19.294, +8.913,+0.964
1583643180,+3.44,+19.303, +8.905,+0.963
1583643240,+3.45,+19.303, +8.914,+0.964
1583643300,+3.44,+19.328, +8.917,+0.964
1583643360,+3.44,+19.328, +8.907,+0.964
1583643420,+3.45,+19.328, +8.903,+0.963
1583643480,+3.45,+19.336, +8.906,+0.964
1583643540,+3.45,+19.336, +8.908,+0.964
1583643600,+3.45,+19.336, +8.913,+0.964
1583643660,+3.45,+19.345, +8.910,+0.964
1583643720,+3.44,+19.353, +8.897,+0.963
1583643780,+3.44,+19.361, +8.910,+0.964
1583643840,+3.44,+19.395, +8.903,+0.964
1583643900,+3.45,+19.370, +8.913,+0.964
1583643960,+3.44,+19.395, +8.905,+0.964
1583644020,+3.45,+19.387, +8.911,+0.964
1583644080,+3.44,+19.387, +8.899,+0.964
1583644140,+3.44,+19.403, +8.900,+0.964
1583644200,+3.44,+19.395, +8.910,+0.964
1583644260,+3.45,+19.412, +8.902,+0.964
1583644320,+3.44,+19.412, +8.903,+0.964
1583644380,+3.44,+19.420, +8.898,+0.964
1583644440,+3.44,+19.420, +8.904,+0.964
1583644500,+3.44,+19.445, +8.884,+0.963
1583644560,+3.44,+19.428, +8.892,+0.964
1583644620,+3.44,+19.454, +8.904,+0.964
1583644680,+3.44,+19.454, +8.893,+0.964
1583644740,+3.44,+19.445, +8.902,+0.964
1583644800,+3.44,+19.462, +8.896,+0.964
1583644860,+3.44,+19.470, +8.884,+0.963
1583644920,+3.44,+19.487, +8.882,+0.964
1583644980,+3.44,+19.479, +8.895,+0.964
1583645040,+3.44,+19.479, +8.884,+0.963
1583645100,+3.44,+19.479, +8.893,+0.964
1583645160,+3.44,+19.496, +8.891,+0.964
1583645220,+3.44,+19.496, +8.881,+0.964
1583645280,+3.44,+19.504, +8.885,+0.964
1583645340,+3.44,+19.496, +8.889,+0.964
1583645400,+3.44,+19.521, +8.884,+0.964
1583645460,+3.44,+19.504, +8.899,+0.964
1583645520,+3.44,+19.521, +8.889,+0.964
1583645580,+3.44,+19.529, +8.888,+0.964
1583645640,+3.44,+19.521, +8.894,+0.965
1583645700,+3.44,+19.521, +8.884,+0.964
1583645760,+3.44,+19.529, +8.891,+0.964
1583645820,+3.44,+19.554, +8.879,+0.964
1583645880,+3.44,+19.546, +8.857,+0.964
1583645940,+3.44,+19.546, +8.892,+0.965
1583646000,+3.44,+19.554, +8.870,+0.964
1583646060,+3.44,+19.554, +8.878,+0.964
1583646120,+3.44,+19.563, +8.864,+0.963
1583646180,+3.44,+19.571, +8.882,+0.964
1583646240,+3.44,+19.571, +8.880,+0.965
1583646300,+3.44,+19.571, +8.872,+0.964
1583646360,+3.44,+19.571, +8.867,+0.964
1583646420,+3.44,+19.571, +8.877,+0.964
1583646480,+3.44,+19.588, +8.867,+0.964
1583646540,+3.44,+19.588, +8.860,+0.965
1583646600,+3.44,+19.604, +8.860,+0.964
1583646660,+3.44,+19.588, +8.871,+0.964
1583646720,+3.44,+19.588, +8.879,+0.964
1583646780,+3.44,+19.604, +8.863,+0.964
1583646840,+3.44,+19.621, +8.869,+0.964
1583646900,+3.44,+19.596, +8.855,+0.964
1583646960,+3.44,+19.613, +8.868,+0.964
1583647020,+3.44,+19.621, +8.858,+0.963
1583647080,+3.44,+19.613, +8.868,+0.964
1583647140,+3.44,+19.613, +8.866,+0.964
1583647200,+3.44,+19.621, +8.870,+0.964
1583647260,+3.44,+19.630, +8.851,+0.963
1583647320,+3.44,+19.630, +8.856,+0.963
1583647380,+3.44,+19.630, +8.872,+0.964
1583647440,+3.44,+19.655, +8.856,+0.964
1583647500,+3.44,+19.638, +8.856,+0.964
1583647560,+3.44,+19.655, +8.855,+0.964
1583647620,+3.44,+19.646, +8.856,+0.964
1583647680,+3.44,+19.655, +8.860,+0.964
1583647740,+3.44,+19.655, +8.864,+0.965
1583647800,+3.44,+19.646, +8.856,+0.963
1583647860,+3.44,+19.671, +8.850,+0.964
1583647920,+3.44,+19.663, +8.844,+0.964
1583647980,+3.44,+19.688, +8.851,+0.964
1583648040,+3.44,+19.663, +8.866,+0.965
1583648100,+3.44,+19.671, +8.863,+0.964
1583648160,+3.44,+19.688, +8.849,+0.964
1583648220,+3.44,+19.680, +8.845,+0.964
1583648280,+3.44,+19.688, +8.860,+0.965
1583648340,+3.44,+19.680, +8.862,+0.964
1583648400,+3.44,+19.688, +8.869,+0.965
1583648460,+3.44,+19.688, +8.859,+0.964
1583648520,+3.44,+19.705, +8.860,+0.964
1583648580,+3.44,+19.713, +8.839,+0.964
1583648640,+3.44,+19.705, +8.859,+0.964
1583648700,+3.44,+19.697, +8.853,+0.964
1583648760,+3.44,+19.705, +8.858,+0.964
1583648820,+3.44,+19.705, +8.859,+0.964
1583648880,+3.44,+19.730, +8.848,+0.964
1583648940,+3.44,+19.722, +8.833,+0.963
1583649000,+3.44,+19.722, +8.843,+0.964
1583649060,+3.44,+19.730, +8.847,+0.964
1583649120,+3.44,+19.730, +8.838,+0.964
1583649180,+3.44,+19.738, +8.841,+0.964
1583649240,+3.44,+19.738, +8.841,+0.964
1583649300,+3.44,+19.738, +8.833,+0.964
1583649360,+3.44,+19.747, +8.844,+0.964
1583649420,+3.44,+19.755, +8.841,+0.964
1583649480,+3.44,+19.755, +8.837,+0.964
1583649540,+3.44,+19.747, +8.839,+0.964
1583649600,+3.44,+19.772, +8.827,+0.964
1583649660,+3.44,+19.747, +8.850,+0.965
1583649720,+3.44,+19.772, +8.843,+0.964
1583649780,+3.44,+19.780, +8.830,+0.964
1583649840,+3.44,+19.772, +8.837,+0.963
1583649900,+3.44,+19.764, +8.848,+0.964
1583649960,+3.44,+19.789, +8.832,+0.964
1583650020,+3.44,+19.789, +8.839,+0.964
1583650080,+3.44,+19.797, +8.821,+0.964
1583650140,+3.44,+19.789, +8.833,+0.964
1583650200,+3.44,+19.780, +8.837,+0.964
1583650260,+3.44,+19.805, +8.824,+0.963
1583650320,+3.44,+19.805, +8.832,+0.964
1583650380,+3.44,+19.814, +8.833,+0.965
1583650440,+3.44,+19.805, +8.829,+0.964
1583650500,+3.44,+19.805, +8.807,+0.963
1583650560,+3.44,+19.814, +8.833,+0.964
1583650620,+3.44,+19.814, +8.831,+0.964
1583650680,+3.44,+19.831, +8.832,+0.965
1583650740,+3.44,+19.822, +8.836,+0.964
1583650800,+3.44,+19.839, +8.823,+0.964
1583650860,+3.44,+19.839, +8.819,+0.964
1583650920,+3.44,+19.839, +8.827,+0.964
1583650980,+3.44,+19.814, +8.832,+0.964
1583651040,+3.44,+19.831, +8.830,+0.964
1583651100,+3.44,+19.839, +8.816,+0.964
1583651160,+3.44,+19.839, +8.822,+0.964
1583651220,+3.44,+19.856, +8.821,+0.964
1583651280,+3.44,+19.839, +8.832,+0.965
1583651340,+3.44,+19.864, +8.827,+0.965
1583651400,+3.44,+19.864, +8.820,+0.964
1583651460,+3.44,+19.856, +8.825,+0.964
1583651520,+3.44,+19.872, +8.812,+0.964
1583651580,+3.44,+19.872, +8.808,+0.964
1583651640,+3.44,+19.864, +8.822,+0.964
1583651700,+3.44,+19.872, +8.818,+0.964
1583651760,+3.44,+19.856, +8.835,+0.965
1583651820,+3.44,+19.881, +8.820,+0.964
1583651880,+3.44,+19.872, +8.825,+0.964
1583651940,+3.44,+19.872, +8.818,+0.964
1583652000,+3.44,+19.898, +8.801,+0.963
1583652060,+3.44,+19.881, +8.807,+0.964
1583652120,+3.44,+19.889, +8.812,+0.964
1583652180,+3.44,+19.889, +8.811,+0.964
1583652240,+3.44,+19.889, +8.806,+0.964
1583652300,+3.44,+19.906, +8.823,+0.964
1583652360,+3.44,+19.889, +8.811,+0.964
1583652420,+3.44,+19.923, +8.798,+0.964
1583652480,+3.44,+19.889, +8.810,+0.964
1583652540,+3.44,+19.914, +8.800,+0.964
1583652600,+3.44,+19.914, +8.812,+0.964
1583652660,+3.44,+19.914, +8.804,+0.964
1583652720,+3.44,+19.906, +8.813,+0.964
1583652780,+3.44,+19.931, +8.813,+0.965
1583652840,+3.44,+19.939, +8.799,+0.964
1583652900,+3.44,+19.914, +8.806,+0.964
1583652960,+3.44,+19.923, +8.804,+0.964
1583653020,+3.44,+19.948, +8.794,+0.964
1583653080,+3.44,+19.931, +8.813,+0.965
1583653140,+3.44,+19.956, +8.817,+0.964
1583653200,+3.44,+19.931, +8.805,+0.964
1583653260,+3.44,+19.939, +8.782,+0.963
1583653320,+3.44,+19.939, +8.793,+0.964
1583653380,+3.44,+19.931, +8.816,+0.964
1583653440,+3.44,+19.931, +8.801,+0.964
1583653500,+3.44,+19.948, +8.802,+0.964
1583653560,+3.44,+19.939, +8.793,+0.964
1583653620,+3.44,+19.939, +8.809,+0.965
1583653680,+3.44,+19.956, +8.807,+0.965
1583653740,+3.44,+19.948, +8.804,+0.964
1583653800,+3.44,+19.939, +8.814,+0.965
1583653860,+3.44,+19.956, +8.790,+0.964
1583653920,+3.44,+19.965, +8.798,+0.964
1583653980,+3.44,+19.956, +8.796,+0.964
1583654040,+3.44,+19.973, +8.791,+0.964
1583654100,+3.44,+19.948, +8.787,+0.964
1583654160,+3.44,+19.965, +8.802,+0.964
1583654220,+3.44,+19.956, +8.796,+0.964
1583654280,+3.44,+19.973, +8.796,+0.964
1583654340,+3.44,+19.973, +8.787,+0.964
1583654400,+3.44,+19.965, +8.794,+0.964
1583654460,+3.44,+19.973, +8.792,+0.964
1583654520,+3.44,+19.973, +8.797,+0.964
1583654580,+3.44,+19.956, +8.806,+0.965
1583654640,+3.44,+19.973, +8.799,+0.964
1583654700,+3.44,+19.973, +8.796,+0.964
1583654760,+3.44,+19.965, +8.788,+0.963
1583654820,+3.44,+19.973, +8.807,+0.965
1583654880,+3.44,+19.981, +8.807,+0.965
1583654940,+3.44,+19.981, +8.796,+0.964
1583655000,+3.45,+19.981, +8.799,+0.964
1583655060,+3.44,+19.981, +8.785,+0.964
1583655120,+3.45,+19.990, +8.782,+0.964
1583655180,+3.45,+19.998, +8.796,+0.964
1583655240,+3.45,+19.981, +8.791,+0.964
1583655300,+3.45,+19.990, +8.796,+0.964
1583655360,+3.45,+19.981, +8.786,+0.963
1583655420,+3.45,+19.990, +8.802,+0.964
1583655480,+3.45,+20.006, +8.787,+0.964
1583655540,+3.45,+19.973, +8.786,+0.963
1583655600,+3.45,+19.990, +8.788,+0.964
1583655660,+3.45,+19.998, +8.788,+0.964
1583655720,+3.45,+19.998, +8.805,+0.965
1583655780,+3.45,+20.006, +8.793,+0.964
1583655840,+3.45,+20.006, +8.807,+0.965
1583655900,+3.45,+20.006, +8.792,+0.964
1583655960,+3.45,+19.998, +8.789,+0.964
1583656020,+3.45,+19.998, +8.794,+0.964
1583656080,+3.45,+20.006, +8.781,+0.964
1583656140,+3.45,+19.990, +8.781,+0.963
1583656200,+3.45,+20.006, +8.769,+0.963
1583656260,+3.45,+19.990, +8.791,+0.964
1583656320,+3.45,+20.023, +8.785,+0.964
1583656380,+3.45,+20.015, +8.786,+0.964
1583656440,+3.45,+20.023, +8.785,+0.964
1583656500,+3.45,+20.015, +8.785,+0.964
1583656560,+3.45,+19.990, +8.792,+0.964
1583656620,+3.45,+19.998, +8.775,+0.963
1583656680,+3.45,+20.023, +8.783,+0.964
1583656740,+3.45,+20.006, +8.774,+0.963
1583656800,+3.45,+20.006, +8.782,+0.964
1583656860,+3.45,+20.015, +8.772,+0.964
1583656920,+3.45,+20.006, +8.788,+0.964
1583656980,+3.45,+20.015, +8.772,+0.963
1583657040,+3.45,+20.015, +8.787,+0.965
1583657100,+3.45,+20.006, +8.771,+0.964
1583657160,+3.45,+20.023, +8.779,+0.964
1583657220,+3.45,+20.032, +8.763,+0.964
1583657280,+3.45,+19.998, +8.785,+0.964
1583657340,+3.45,+20.006, +8.786,+0.964
1583657400,+3.45,+20.015, +8.787,+0.964
1583657460,+3.45,+20.006, +8.786,+0.964
1583657520,+3.45,+20.006, +8.789,+0.964
1583657580,+3.45,+20.015, +8.775,+0.964
1583657640,+3.45,+20.015, +8.781,+0.964
1583657700,+3.45,+20.023, +8.783,+0.964
1583657760,+3.45,+20.015, +8.775,+0.964
1583657820,+3.45,+20.006, +8.792,+0.965
1583657880,+3.45,+20.023, +8.777,+0.964
1583657940,+3.45,+20.023, +8.767,+0.963
1583658000,+3.45,+20.006, +8.792,+0.965
1583658060,+3.45,+20.015, +8.772,+0.964
1583658120,+3.45,+20.032, +8.778,+0.964
1583658180,+3.45,+20.015, +8.774,+0.964
1583658240,+3.45,+20.015, +8.785,+0.964
1583658300,+3.45,+20.023, +8.775,+0.964
1583658360,+3.45,+20.032, +8.774,+0.964
1583658420,+3.45,+20.015, +8.785,+0.964
1583658480,+3.45,+20.023, +8.782,+0.964
1583658540,+3.45,+20.023, +8.773,+0.964
1583658600,+3.45,+20.015, +8.776,+0.964
1583658660,+3.45,+20.023, +8.771,+0.963
1583658720,+3.45,+20.032, +8.770,+0.964
1583658780,+3.45,+20.015, +8.777,+0.964
1583658840,+3.45,+20.040, +8.781,+0.964
1583658900,+3.45,+20.023, +8.788,+0.965
1583658960,+3.45,+20.023, +8.789,+0.965
1583659020,+3.45,+20.006, +8.796,+0.965
1583659080,+3.45,+20.023, +8.779,+0.964
1583659140,+3.45,+20.023, +8.774,+0.964
1583659200,+3.45,+20.032, +8.775,+0.964
1583659260,+3.45,+20.032, +8.780,+0.964
1583659320,+3.45,+20.015, +8.792,+0.965
1583659380,+3.45,+20.032, +8.774,+0.964
1583659440,+3.45,+20.023, +8.783,+0.964
1583659500,+3.45,+20.015, +8.772,+0.963
1583659560,+3.45,+20.032, +8.763,+0.963
1583659620,+3.45,+20.015, +8.778,+0.964
1583659680,+3.45,+20.040, +8.788,+0.965
1583659740,+3.45,+20.023, +8.785,+0.964
1583659800,+3.45,+20.032, +8.788,+0.964
1583659860,+3.45,+20.032, +8.802,+0.965
1583659920,+3.45,+20.006, +8.776,+0.964
1583659980,+3.45,+20.015, +8.780,+0.964
1583660040,+3.45,+20.023, +8.787,+0.964
1583660100,+3.45,+20.023, +8.768,+0.964
1583660160,+3.45,+20.006, +8.786,+0.964
1583660220,+3.45,+20.015, +8.791,+0.964
1583660280,+3.45,+20.023, +8.787,+0.965
1583660340,+3.45,+19.998, +8.784,+0.964
1583660400,+3.45,+20.040, +8.768,+0.964
1583660460,+3.45,+20.006, +8.787,+0.964
1583660520,+3.45,+20.006, +8.788,+0.964
1583660580,+3.45,+20.015, +8.796,+0.965
1583660640,+3.45,+20.015, +8.770,+0.963
1583660700,+3.45,+19.998, +8.787,+0.964
1583660760,+3.45,+20.006, +8.786,+0.964
1583660820,+3.45,+20.023, +8.765,+0.964
1583660880,+3.45,+20.006, +8.793,+0.964
1583660940,+3.45,+20.015, +8.794,+0.964
1583661000,+3.45,+20.006, +8.790,+0.964
1583661060,+3.45,+20.015, +8.780,+0.964
1583661120,+3.45,+20.015, +8.775,+0.963
1583661180,+3.45,+20.023, +8.792,+0.964
1583661240,+3.45,+19.998, +8.789,+0.964
1583661300,+3.45,+20.015, +8.784,+0.963
1583661360,+3.45,+19.990, +8.803,+0.964
1583661420,+3.45,+19.998, +8.787,+0.964
1583661480,+3.45,+20.015, +8.797,+0.964
1583661540,+3.45,+19.998, +8.800,+0.964
1583661600,+3.45,+19.998, +8.794,+0.964
1583661660,+3.45,+19.998, +8.790,+0.964
1583661720,+3.45,+19.990, +8.788,+0.964
1583661780,+3.45,+19.998, +8.787,+0.964
1583661840,+3.45,+20.015, +8.790,+0.964
1583661900,+3.45,+19.990, +8.782,+0.963
1583661960,+3.45,+19.981, +8.803,+0.964
1583662020,+3.45,+19.998, +8.809,+0.964
1583662080,+3.45,+19.981, +8.804,+0.964
1583662140,+3.45,+19.998, +8.797,+0.964
1583662200,+3.45,+19.990, +8.803,+0.964
1583662260,+3.45,+19.981, +8.789,+0.963
1583662320,+3.45,+19.981, +8.806,+0.965
1583662380,+3.45,+19.981, +8.790,+0.964
1583662440,+3.45,+19.973, +8.782,+0.963
1583662500,+3.45,+19.965, +8.805,+0.964
1583662560,+3.45,+19.998, +8.803,+0.964
1583662620,+3.45,+19.981, +8.796,+0.964
1583662680,+3.45,+19.990, +8.794,+0.964
1583662740,+3.45,+19.981, +8.807,+0.964
1583662800,+3.45,+19.981, +8.793,+0.964
1583662860,+3.45,+20.006, +8.789,+0.964
1583662920,+3.45,+19.981, +8.794,+0.963
1583662980,+3.45,+19.981, +8.795,+0.964
1583663040,+3.45,+19.981, +8.798,+0.964
1583663100,+3.45,+19.990, +8.783,+0.964
1583663160,+3.45,+19.981, +8.792,+0.964
1583663220,+3.45,+19.990, +8.782,+0.964
1583663280,+3.45,+19.981, +8.797,+0.964
1583663340,+3.45,+19.973, +8.803,+0.964
1583663400,+3.45,+19.973, +8.781,+0.963
1583663460,+3.45,+19.981, +8.791,+0.964
1583663520,+3.45,+19.965, +8.785,+0.964
1583663580,+3.45,+19.973, +8.793,+0.964
1583663640,+3.45,+19.965, +8.786,+0.963
1583663700,+3.45,+19.981, +8.783,+0.964
1583663760,+3.45,+19.998, +8.768,+0.963
1583663820,+3.45,+19.973, +8.802,+0.964
1583663880,+3.45,+19.973, +8.787,+0.964
1583663940,+3.45,+19.956, +8.792,+0.964
1583664000,+3.45,+19.965, +8.797,+0.964
1583664060,+3.45,+19.973, +8.780,+0.963
1583664120,+3.45,+19.981, +8.770,+0.963
1583664180,+3.45,+19.965, +8.793,+0.964
1583664240,+3.45,+19.973, +8.774,+0.964
1583664300,+3.45,+19.981, +8.785,+0.964
1583664360,+3.45,+19.956, +8.791,+0.964
1583664420,+3.45,+19.965, +8.786,+0.964
1583664480,+3.45,+19.965, +8.803,+0.964
1583664540,+3.45,+19.965, +8.794,+0.964
1583664600,+3.45,+19.948, +8.811,+0.965
1583664660,+3.45,+19.965, +8.791,+0.964
1583664720,+3.45,+19.965, +8.786,+0.963
1583664780,+3.45,+19.956, +8.801,+0.963
1583664840,+3.45,+19.939, +8.804,+0.964
1583664900,+3.45,+19.965, +8.797,+0.964
1583664960,+3.45,+19.939, +8.794,+0.964
1583665020,+3.45,+19.956, +8.803,+0.964
1583665080,+3.45,+19.956, +8.803,+0.964
1583665140,+3.45,+19.965, +8.798,+0.964
1583665200,+3.45,+19.956, +8.807,+0.964
1583665260,+3.45,+19.931, +8.797,+0.964
1583665320,+3.45,+19.939, +8.797,+0.964
1583665380,+3.45,+19.939, +8.801,+0.964
1583665440,+3.45,+19.948, +8.789,+0.964
1583665500,+3.45,+19.956, +8.791,+0.964
1583665560,+3.45,+19.939, +8.794,+0.963
1583665620,+3.45,+19.931, +8.808,+0.964
1583665680,+3.45,+19.956, +8.793,+0.963
1583665740,+3.45,+19.939, +8.811,+0.964
1583665800,+3.45,+19.923, +8.791,+0.963
1583665860,+3.45,+19.939, +8.784,+0.963
1583665920,+3.45,+19.931, +8.799,+0.964
1583665980,+3.45,+19.939, +8.795,+0.964
1583666040,+3.45,+19.939, +8.790,+0.964
1583666100,+3.45,+19.931, +8.801,+0.964
1583666160,+3.45,+19.939, +8.784,+0.963
1583666220,+3.45,+19.931, +8.795,+0.964
1583666280,+3.45,+19.939, +8.795,+0.964
1583666340,+3.45,+19.923, +8.795,+0.964
1583666400,+3.45,+19.914, +8.803,+0.964
1583666460,+3.45,+19.914, +8.795,+0.964
1583666520,+3.45,+19.923, +8.784,+0.963
1583666580,+3.45,+19.939, +8.791,+0.964
1583666640,+3.45,+19.931, +8.787,+0.963
1583666700,+3.45,+19.914, +8.806,+0.964
1583666760,+3.45,+19.914, +8.800,+0.964
1583666820,+3.45,+19.939, +8.792,+0.963
1583666880,+3.45,+19.956, +8.806,+0.964
1583666940,+3.45,+19.923, +8.817,+0.964
1583667000,+3.45,+19.914, +8.805,+0.964
1583667060,+3.45,+19.923, +8.803,+0.964
1583667120,+3.45,+19.914, +8.792,+0.963
1583667180,+3.45,+19.948, +8.801,+0.964
1583667240,+3.45,+19.939, +8.799,+0.964
1583667300,+3.45,+19.906, +8.801,+0.963
1583667360,+3.45,+19.914, +8.824,+0.965
1583667420,+3.45,+19.906, +8.808,+0.964
1583667480,+3.45,+19.923, +8.804,+0.964
1583667540,+3.45,+19.906, +8.797,+0.964
1583667600,+3.45,+19.914, +8.797,+0.964
1583667660,+3.45,+19.906, +8.806,+0.964
1583667720,+3.45,+19.914, +8.789,+0.964
1583667780,+3.45,+19.914, +8.812,+0.964
1583667840,+3.45,+19.906, +8.805,+0.964
1583667900,+3.45,+19.906, +8.808,+0.964
1583667960,+3.45,+19.914, +8.799,+0.964
1583668020,+3.45,+19.906, +8.809,+0.964
1583668080,+3.45,+19.906, +8.814,+0.964
1583668140,+3.45,+19.906, +8.804,+0.964
1583668200,+3.45,+19.914, +8.798,+0.964
1583668260,+3.45,+19.906, +8.805,+0.964
1583668320,+3.45,+19.889, +8.811,+0.964
1583668380,+3.45,+19.889, +8.813,+0.964
1583668440,+3.45,+19.906, +8.821,+0.964
1583668500,+3.45,+19.889, +8.816,+0.964
1583668560,+3.45,+19.898, +8.798,+0.964
1583668620,+3.45,+19.889, +8.805,+0.964
1583668680,+3.45,+19.898, +8.805,+0.964
1583668740,+3.45,+19.906, +8.807,+0.964
1583668800,+3.45,+19.872, +8.815,+0.964
1583668860,+3.45,+19.889, +8.812,+0.963
1583668920,+3.45,+19.898, +8.813,+0.964
1583668980,+3.45,+19.898, +8.798,+0.964
1583669040,+3.45,+19.881, +8.806,+0.964
1583669100,+3.45,+19.898, +8.803,+0.964
1583669160,+3.45,+19.881, +8.814,+0.964
1583669220,+3.45,+19.898, +8.804,+0.964
1583669280,+3.45,+19.881, +8.806,+0.964
1583669340,+3.45,+19.881, +8.809,+0.964
1583669400,+3.45,+19.881, +8.804,+0.963
1583669460,+3.45,+19.856, +8.820,+0.964
1583669520,+3.45,+19.881, +8.813,+0.964
1583669580,+3.45,+19.881, +8.809,+0.964
1583669640,+3.45,+19.898, +8.811,+0.963
1583669700,+3.45,+19.881, +8.808,+0.964
1583669760,+3.45,+19.881, +8.818,+0.964
1583669820,+3.45,+19.881, +8.801,+0.964
1583669880,+3.45,+19.881, +8.806,+0.964
1583669940,+3.45,+19.881, +8.806,+0.964
1583670000,+3.45,+19.856, +8.811,+0.964
1583670060,+3.45,+19.898, +8.805,+0.964
1583670120,+3.45,+19.881, +8.807,+0.964
1583670180,+3.45,+19.872, +8.818,+0.964
1583670240,+3.45,+19.864, +8.805,+0.963
1583670300,+3.45,+19.872, +8.840,+0.964
1583670360,+3.45,+19.872, +8.805,+0.963
1583670420,+3.45,+19.872, +8.823,+0.964
1583670480,+3.45,+19.864, +8.816,+0.963
1583670540,+3.45,+19.872, +8.818,+0.964
1583670600,+3.45,+19.864, +8.809,+0.963
1583670660,+3.45,+19.847, +8.817,+0.964
1583670720,+3.45,+19.856, +8.829,+0.964
1583670780,+3.45,+19.847, +8.818,+0.964
1583670840,+3.45,+19.839, +8.824,+0.964
1583670900,+3.45,+19.847, +8.815,+0.964
1583670960,+3.45,+19.831, +8.822,+0.964
1583671020,+3.45,+19.872, +8.803,+0.963
1583671080,+3.45,+19.847, +8.824,+0.964
1583671140,+3.45,+19.847, +8.822,+0.964
1583671200,+3.45,+19.847, +8.816,+0.964
1583671260,+3.45,+19.822, +8.816,+0.963
1583671320,+3.45,+19.864, +8.822,+0.964
1583671380,+3.45,+19.847, +8.825,+0.964
1583671440,+3.45,+19.839, +8.821,+0.964
1583671500,+3.45,+19.847, +8.814,+0.964
1583671560,+3.45,+19.831, +8.814,+0.964
1583671620,+3.45,+19.822, +8.819,+0.963
1583671680,+3.45,+19.847, +8.815,+0.964
1583671740,+3.45,+19.831, +8.827,+0.964
1583671800,+3.45,+19.831, +8.825,+0.963
1583671860,+3.45,+19.839, +8.818,+0.963
1583671920,+3.45,+19.831, +8.840,+0.964
1583671980,+3.45,+19.831, +8.828,+0.964
1583672040,+3.45,+19.831, +8.833,+0.964
1583672100,+3.45,+19.831, +8.829,+0.964
1583672160,+3.45,+19.831, +8.810,+0.964
1583672220,+3.45,+19.822, +8.824,+0.964
1583672280,+3.45,+19.814, +8.820,+0.963
1583672340,+3.45,+19.822, +8.818,+0.964
1583672400,+3.45,+19.831, +8.819,+0.963
1583672460,+3.45,+19.822, +8.837,+0.964
1583672520,+3.45,+19.822, +8.823,+0.963
1583672580,+3.45,+19.822, +8.839,+0.964
1583672640,+3.45,+19.822, +8.815,+0.963
1583672700,+3.45,+19.805, +8.819,+0.963
1583672760,+3.45,+19.814, +8.831,+0.964
1583672820,+3.45,+19.822, +8.823,+0.964
1583672880,+3.45,+19.805, +8.855,+0.964
1583672940,+3.45,+19.839, +8.804,+0.963
1583673000,+3.45,+19.805, +8.831,+0.964
1583673060,+3.45,+19.822, +8.830,+0.963
1583673120,+3.45,+19.805, +8.828,+0.964
1583673180,+3.45,+19.789, +8.839,+0.964
1583673240,+3.45,+19.814, +8.839,+0.964
1583673300,+3.45,+19.805, +8.835,+0.964
1583673360,+3.45,+19.797, +8.838,+0.964
1583673420,+3.45,+19.805, +8.832,+0.964
1583673480,+3.45,+19.805, +8.836,+0.964
1583673540,+3.45,+19.797, +8.838,+0.964
1583673600,+3.45,+19.797, +8.847,+0.964
1583673660,+3.45,+19.797, +8.818,+0.963
1583673720,+3.45,+19.789, +8.843,+0.964
1583673780,+3.45,+19.789, +8.844,+0.964
1583673840,+3.45,+19.797, +8.845,+0.964
1583673900,+3.45,+19.772, +8.851,+0.964
1583673960,+3.45,+19.772, +8.833,+0.963
1583674020,+3.45,+19.797, +8.835,+0.964
1583674080,+3.45,+19.780, +8.848,+0.964
1583674140,+3.45,+19.789, +8.843,+0.964
1583674200,+3.45,+19.772, +8.830,+0.963
1583674260,+3.45,+19.772, +8.841,+0.964
1583674320,+3.45,+19.772, +8.843,+0.964
1583674380,+3.45,+19.764, +8.842,+0.964
1583674440,+3.45,+19.805, +8.844,+0.964
1583674500,+3.45,+19.797, +8.830,+0.964
1583674560,+3.45,+19.764, +8.846,+0.964
1583674620,+3.45,+19.772, +8.841,+0.963
1583674680,+3.45,+19.772, +8.849,+0.964
1583674740,+3.45,+19.772, +8.837,+0.963
1583674800,+3.45,+19.772, +8.845,+0.964
1583674860,+3.45,+19.764, +8.829,+0.963
1583674920,+3.45,+19.772, +8.840,+0.964
1583674980,+3.45,+19.780, +8.837,+0.964
1583675040,+3.45,+19.772, +8.831,+0.963
1583675100,+3.45,+19.780, +8.838,+0.963
1583675160,+3.45,+19.755, +8.837,+0.963
1583675220,+3.45,+19.772, +8.836,+0.963
1583675280,+3.45,+19.764, +8.842,+0.964
1583675340,+3.45,+19.764, +8.858,+0.964
1583675400,+3.45,+19.772, +8.856,+0.964
1583675460,+3.45,+19.764, +8.845,+0.964
1583675520,+3.45,+19.764, +8.853,+0.964
1583675580,+3.45,+19.764, +8.847,+0.964
1583675640,+3.45,+19.764, +8.845,+0.964
1583675700,+3.45,+19.764, +8.852,+0.964
1583675760,+3.45,+19.738, +8.859,+0.963
1583675820,+3.45,+19.747, +8.841,+0.963
1583675880,+3.45,+19.747, +8.864,+0.964
1583675940,+3.45,+19.730, +8.858,+0.964
1583676000,+3.45,+19.755, +8.841,+0.963
1583676060,+3.45,+19.747, +8.840,+0.963
1583676120,+3.45,+19.755, +8.838,+0.963
1583676180,+3.45,+19.738, +8.849,+0.964
1583676240,+3.45,+19.755, +8.842,+0.963
1583676300,+3.45,+19.764, +8.844,+0.964
1583676360,+3.45,+19.755, +8.843,+0.964
1583676420,+3.45,+19.747, +8.846,+0.963
1583676480,+3.45,+19.764, +8.853,+0.964
1583676540,+3.45,+19.722, +8.869,+0.964
1583676600,+3.45,+19.730, +8.852,+0.963
1583676660,+3.45,+19.730, +8.862,+0.964
1583676720,+3.45,+19.738, +8.850,+0.964
1583676780,+3.45,+19.730, +8.839,+0.963
1583676840,+3.45,+19.738, +8.862,+0.964
1583676900,+3.45,+19.738, +8.853,+0.964
1583676960,+3.45,+19.730, +8.846,+0.964
1583677020,+3.45,+19.738, +8.845,+0.964
1583677080,+3.45,+19.730, +8.846,+0.964
1583677140,+3.45,+19.747, +8.837,+0.963
1583677200,+3.45,+19.738, +8.853,+0.964
1583677260,+3.45,+19.738, +8.852,+0.964
1583677320,+3.45,+19.738, +8.845,+0.963
1583677380,+3.45,+19.730, +8.841,+0.964
1583677440,+3.45,+19.730, +8.860,+0.964
1583677500,+3.45,+19.722, +8.840,+0.963
1583677560,+3.45,+19.755, +8.840,+0.963
1583677620,+3.45,+19.747, +8.844,+0.964
1583677680,+3.45,+19.730, +8.843,+0.964
1583677740,+3.45,+19.730, +8.845,+0.963
1583677800,+3.45,+19.713, +8.851,+0.964
1583677860,+3.45,+19.730, +8.844,+0.964
1583677920,+3.45,+19.722, +8.843,+0.963
1583677980,+3.45,+19.747, +8.847,+0.963
1583678040,+3.45,+19.730, +8.870,+0.964
1583678100,+3.45,+19.738, +8.840,+0.964
1583678160,+3.45,+19.730, +8.841,+0.963
1583678220,+3.45,+19.747, +8.861,+0.964
1583678280,+3.45,+19.747, +8.845,+0.964
1583678340,+3.45,+19.730, +8.842,+0.963
1583678400,+3.45,+19.747, +8.866,+0.964
1583678460,+3.45,+19.747, +8.853,+0.964
1583678520,+3.45,+19.747, +8.845,+0.964
1583678580,+3.45,+19.713, +8.852,+0.963
1583678640,+3.45,+19.755, +8.836,+0.963
1583678700,+3.45,+19.755, +8.845,+0.964
1583678760,+3.45,+19.738, +8.846,+0.964
1583678820,+3.45,+19.755, +8.846,+0.964
1583678880,+3.45,+19.755, +8.839,+0.964
1583678940,+3.45,+19.764, +8.830,+0.964
1583679000,+3.45,+19.764, +8.839,+0.963
1583679060,+3.45,+19.764, +8.830,+0.964
1583679120,+3.45,+19.764, +8.838,+0.964
1583679180,+3.45,+19.764, +8.828,+0.963
1583679240,+3.45,+19.772, +8.831,+0.964
1583679300,+3.45,+19.772, +8.826,+0.964
1583679360,+3.45,+19.780, +8.817,+0.964
1583679420,+3.45,+19.789, +8.817,+0.964
1583679480,+3.45,+19.789, +8.812,+0.963
1583679540,+3.45,+19.789, +8.793,+0.964
1583679600,+3.45,+19.789, +8.792,+0.963
1583679660,+3.45,+19.797, +8.788,+0.963
1583679720,+3.45,+19.797, +8.794,+0.964
1583679780,+3.45,+19.797, +8.772,+0.963
1583679840,+3.45,+19.831, +8.787,+0.965
1583679900,+3.45,+19.805, +8.784,+0.964
1583679960,+3.45,+19.839, +8.777,+0.964
1583680020,+3.45,+19.847, +8.794,+0.964
1583680080,+3.45,+19.847, +8.792,+0.964
1583680140,+3.45,+19.864, +8.782,+0.964
1583680200,+3.45,+19.839, +8.776,+0.964
1583680260,+3.45,+19.856, +8.765,+0.963
1583680320,+3.45,+19.864, +8.756,+0.963
1583680380,+3.45,+19.864, +8.758,+0.963
1583680440,+3.45,+19.889, +8.749,+0.963
1583680500,+3.45,+19.872, +8.758,+0.964
1583680560,+3.45,+19.906, +8.759,+0.965
1583680620,+3.45,+19.923, +8.740,+0.963
1583680680,+3.45,+19.906, +8.748,+0.964
1583680740,+3.45,+19.939, +8.734,+0.963
1583680800,+3.45,+19.956, +8.738,+0.964
1583680860,+3.44,+19.939, +8.724,+0.963
1583680920,+3.45,+19.973, +8.739,+0.964
1583680980,+3.45,+19.956, +8.779,+0.964
1583681040,+3.45,+19.973, +8.788,+0.963
1583681100,+3.45,+19.956, +8.835,+0.963
1583681160,+3.45,+19.965, +8.856,+0.964
1583681220,+3.45,+19.956, +8.860,+0.963
1583681280,+3.45,+19.973, +8.826,+0.963
1583681340,+3.44,+19.931, +8.870,+0.963
1583681400,+3.44,+19.923, +8.867,+0.964
1583681460,+3.45,+19.931, +8.875,+0.963
1583681520,+3.45,+19.923, +8.887,+0.964
1583681580,+3.45,+19.889, +8.906,+0.963
1583681640,+3.45,+19.872, +8.918,+0.964
1583681700,+3.45,+19.856, +8.930,+0.963
1583681760,+3.45,+19.856, +8.912,+0.963
1583681820,+3.45,+19.839, +8.937,+0.964
1583681880,+3.45,+19.831, +8.923,+0.963
1583681940,+3.45,+19.797, +8.936,+0.963
1583682000,+3.45,+19.789, +8.946,+0.964
1583682060,+3.45,+19.789, +8.934,+0.963
1583682120,+3.45,+19.780, +8.943,+0.963
1583682180,+3.45,+19.780, +8.947,+0.963
1583682240,+3.45,+19.772, +8.926,+0.963
1583682300,+3.45,+19.764, +8.939,+0.963
1583682360,+3.45,+19.755, +8.951,+0.964
1583682420,+3.45,+19.747, +8.945,+0.963
1583682480,+3.45,+19.797, +8.892,+0.963
1583682540,+3.45,+19.772, +8.914,+0.963
1583682600,+3.45,+19.755, +8.944,+0.963
1583682660,+3.45,+19.780, +8.955,+0.964
1583682720,+3.45,+19.772, +8.934,+0.963
1583682780,+3.45,+19.780, +8.935,+0.964
1583682840,+3.45,+19.764, +8.940,+0.964
1583682900,+3.45,+19.764, +8.943,+0.963
1583682960,+3.45,+19.755, +8.950,+0.963
1583683020,+3.45,+19.772, +8.943,+0.964
1583683080,+3.45,+19.764, +8.933,+0.963
1583683140,+3.45,+19.764, +8.950,+0.964
1583683200,+3.45,+19.755, +8.950,+0.963
1583683260,+3.45,+19.755, +8.938,+0.963
1583683320,+3.45,+19.755, +8.931,+0.963
1583683380,+3.45,+19.755, +8.937,+0.963
1583683440,+3.45,+19.755, +8.943,+0.963
1583683500,+3.45,+19.772, +8.950,+0.963
1583683560,+3.45,+19.755, +8.952,+0.964
1583683620,+3.45,+19.747, +8.962,+0.964
1583683680,+3.45,+19.755, +8.947,+0.962
1583683740,+3.45,+19.738, +8.945,+0.963
1583683800,+3.45,+19.755, +8.948,+0.963
1583683860,+3.45,+19.747, +8.941,+0.963
1583683920,+3.45,+19.772, +8.946,+0.963
1583683980,+3.45,+19.755, +8.960,+0.963
1583684040,+3.45,+19.764, +8.932,+0.962
1583684100,+3.45,+19.755, +8.946,+0.963
1583684160,+3.45,+19.755, +8.942,+0.963
1583684220,+3.45,+19.747, +8.950,+0.963
1583684280,+3.45,+19.755, +8.946,+0.963
1583684340,+3.45,+19.755, +8.948,+0.963
1583684400,+3.45,+19.755, +8.941,+0.963
1583684460,+3.45,+19.747, +8.930,+0.964
1583684520,+3.45,+19.764, +8.933,+0.963
1583684580,+3.45,+19.738, +8.956,+0.964
1583684640,+3.45,+19.764, +8.955,+0.964
1583684700,+3.45,+19.747, +8.956,+0.963
1583684760,+3.45,+19.738, +8.948,+0.963
1583684820,+3.45,+19.747, +8.963,+0.963
1583684880,+3.45,+19.747, +8.955,+0.963
1583684940,+3.45,+19.755, +8.962,+0.963
1583685000,+3.45,+19.772, +8.946,+0.964
1583685060,+3.45,+19.764, +8.959,+0.964
1583685120,+3.45,+19.755, +8.948,+0.963
1583685180,+3.45,+19.772, +8.954,+0.964
1583685240,+3.45,+19.780, +8.950,+0.963
1583685300,+3.45,+19.755, +8.948,+0.963
1583685360,+3.45,+19.764, +8.966,+0.964
1583685420,+3.45,+19.772, +8.952,+0.963
1583685480,+3.45,+19.772, +8.959,+0.964
1583685540,+3.45,+19.764, +8.941,+0.963
1583685600,+3.45,+19.780, +8.950,+0.964
1583685660,+3.45,+19.789, +8.956,+0.964
1583685720,+3.45,+19.772, +8.944,+0.963
1583685780,+3.45,+19.797, +8.944,+0.963
1583685840,+3.45,+19.814, +8.945,+0.963
1583685900,+3.45,+19.805, +8.939,+0.963
1583685960,+3.45,+19.789, +8.959,+0.963
1583686020,+3.45,+19.789, +8.950,+0.963
1583686080,+3.45,+19.797, +8.963,+0.963
1583686140,+3.45,+19.831, +8.935,+0.963
1583686200,+3.45,+19.805, +8.925,+0.963
1583686260,+3.45,+19.805, +8.942,+0.963
1583686320,+3.45,+19.814, +8.952,+0.963
1583686380,+3.45,+19.797, +8.943,+0.963
1583686440,+3.45,+19.797, +8.939,+0.963
1583686500,+3.45,+19.797, +8.960,+0.964
1583686560,+3.45,+19.789, +8.947,+0.963
1583686620,+3.45,+19.789, +8.957,+0.963
1583686680,+3.45,+19.797, +8.960,+0.963
1583686740,+3.45,+19.797, +8.954,+0.963
1583686800,+3.45,+19.797, +8.962,+0.963
1583686860,+3.45,+19.805, +8.952,+0.963
1583686920,+3.45,+19.805, +8.954,+0.963
1583686980,+3.45,+19.797, +8.952,+0.963
1583687040,+3.45,+19.805, +8.943,+0.963
1583687100,+3.45,+19.805, +8.948,+0.963
1583687160,+3.45,+19.822, +8.948,+0.963
1583687220,+3.45,+19.814, +8.956,+0.963
1583687280,+3.45,+19.797, +8.948,+0.963
1583687340,+3.45,+19.789, +8.950,+0.963
1583687400,+3.45,+19.797, +8.939,+0.963
1583687460,+3.45,+19.797, +8.933,+0.963
1583687520,+3.45,+19.814, +8.947,+0.964
1583687580,+3.45,+19.814, +8.938,+0.964
1583687640,+3.45,+19.822, +8.925,+0.963
1583687700,+3.45,+19.839, +8.928,+0.964
1583687760,+3.45,+19.814, +8.932,+0.963
1583687820,+3.45,+19.847, +8.923,+0.963
1583687880,+3.45,+19.839, +8.912,+0.963
1583687940,+3.45,+19.856, +8.919,+0.963
1583688000,+3.45,+19.856, +8.917,+0.964
1583688060,+3.45,+19.847, +8.938,+0.964
1583688120,+3.45,+19.881, +8.909,+0.963
1583688180,+3.45,+19.864, +8.925,+0.963
1583688240,+3.45,+19.881, +8.907,+0.963
1583688300,+3.45,+19.906, +8.913,+0.963
1583688360,+3.45,+19.923, +8.900,+0.963
1583688420,+3.45,+19.923, +8.903,+0.963
1583688480,+3.44,+19.914, +8.913,+0.963
1583688540,+3.44,+19.948, +8.884,+0.963
1583688600,+3.44,+19.973, +8.881,+0.963
1583688660,+3.45,+19.981, +8.881,+0.963
1583688720,+3.45,+19.990, +8.885,+0.963
1583688780,+3.45,+19.973, +8.886,+0.963
1583688840,+3.45,+19.998, +8.871,+0.963
1583688900,+3.45,+19.998, +8.871,+0.963
1583688960,+3.45,+20.006, +8.878,+0.964
1583689020,+3.45,+20.023, +8.863,+0.963
1583689080,+3.45,+20.040, +8.866,+0.963
1583689140,+3.45,+20.040, +8.867,+0.963
1583689200,+3.45,+20.057, +8.855,+0.963
1583689260,+3.45,+20.065, +8.858,+0.963
1583689320,+3.45,+20.073, +8.857,+0.963
1583689380,+3.45,+20.065, +8.862,+0.963
1583689440,+3.45,+20.090, +8.854,+0.963
1583689500,+3.45,+20.090, +8.850,+0.963
1583689560,+3.45,+20.115, +8.855,+0.964
1583689620,+3.45,+20.115, +8.849,+0.963
1583689680,+3.45,+20.115, +8.858,+0.964
1583689740,+3.45,+20.115, +8.853,+0.963
1583689800,+3.45,+20.124, +8.862,+0.964
1583689860,+3.45,+20.149, +8.848,+0.964
1583689920,+3.45,+20.149, +8.845,+0.963
1583689980,+3.45,+20.140, +8.860,+0.964
1583690040,+3.45,+20.149, +8.861,+0.964
1583690100,+3.45,+20.165, +8.858,+0.963
1583690160,+3.45,+20.157, +8.850,+0.963
1583690220,+3.45,+20.174, +8.847,+0.963
1583690280,+3.45,+20.174, +8.846,+0.963
1583690340,+3.45,+20.182, +8.843,+0.963
1583690400,+3.45,+20.191, +8.835,+0.963
1583690460,+3.45,+20.191, +8.839,+0.963
1583690520,+3.45,+20.207, +8.828,+0.963
1583690580,+3.45,+20.207, +8.848,+0.964
1583690640,+3.45,+20.224, +8.831,+0.963
1583690700,+3.45,+20.224, +8.836,+0.964
1583690760,+3.45,+20.224, +8.833,+0.963
1583690820,+3.45,+20.257, +8.824,+0.964
1583690880,+3.45,+20.249, +8.835,+0.964
1583690940,+3.45,+20.257, +8.822,+0.964
1583691000,+3.45,+20.274, +8.820,+0.963
1583691060,+3.45,+20.283, +8.804,+0.963
1583691120,+3.45,+20.283, +8.821,+0.963
1583691180,+3.45,+20.283, +8.810,+0.963
1583691240,+3.45,+20.316, +8.805,+0.963
1583691300,+3.45,+20.308, +8.808,+0.963
1583691360,+3.45,+20.324, +8.804,+0.963
1583691420,+3.45,+20.333, +8.814,+0.964
1583691480,+3.45,+20.350, +8.809,+0.964
1583691540,+3.45,+20.341, +8.812,+0.964
1583691600,+3.45,+20.366, +8.792,+0.963
1583691660,+3.45,+20.375, +8.802,+0.964
1583691720,+3.45,+20.375, +8.800,+0.964
1583691780,+3.45,+20.383, +8.799,+0.964
1583691840,+3.45,+20.383, +8.799,+0.964
1583691900,+3.45,+20.408, +8.797,+0.964
1583691960,+3.45,+20.400, +8.813,+0.964
1583692020,+3.45,+20.408, +8.807,+0.964
1583692080,+3.45,+20.442, +8.799,+0.964
1583692140,+3.45,+20.433, +8.784,+0.963
1583692200,+3.45,+20.458, +8.795,+0.964
1583692260,+3.45,+20.458, +8.804,+0.964
1583692320,+3.45,+20.450, +8.802,+0.964
1583692380,+3.45,+20.467, +8.804,+0.964
1583692440,+3.45,+20.475, +8.813,+0.964
1583692500,+3.45,+20.492, +8.811,+0.964
1583692560,+3.45,+20.500, +8.790,+0.964
1583692620,+3.45,+20.500, +8.822,+0.964
1583692680,+3.45,+20.508, +8.812,+0.964
1583692740,+3.45,+20.517, +8.810,+0.963
1583692800,+3.45,+20.508, +8.824,+0.964
1583692860,+3.45,+20.534, +8.805,+0.963
1583692920,+3.45,+20.517, +8.810,+0.963
1583692980,+3.45,+20.525, +8.814,+0.964
1583693040,+3.45,+20.534, +8.815,+0.964
1583693100,+3.45,+20.559, +8.800,+0.964
1583693160,+3.45,+20.559, +8.797,+0.963
1583693220,+3.45,+20.575, +8.801,+0.964
1583693280,+3.45,+20.567, +8.796,+0.963
1583693340,+3.45,+20.584, +8.792,+0.963
1583693400,+3.45,+20.592, +8.803,+0.964
1583693460,+3.45,+20.600, +8.781,+0.963
1583693520,+3.45,+20.600, +8.797,+0.964
1583693580,+3.45,+20.609, +8.791,+0.963
1583693640,+3.45,+20.626, +8.795,+0.963
1583693700,+3.45,+20.634, +8.798,+0.963
1583693760,+3.45,+20.634, +8.802,+0.964
1583693820,+3.45,+20.667, +8.772,+0.963
1583693880,+3.45,+20.651, +8.783,+0.964
1583693940,+3.45,+20.676, +8.791,+0.964
1583694000,+3.45,+20.684, +8.769,+0.963
1583694060,+3.45,+20.692, +8.770,+0.963
1583694120,+3.45,+20.701, +8.785,+0.964
1583694180,+3.45,+20.684, +8.783,+0.963
1583694240,+3.45,+20.726, +8.774,+0.964
1583694300,+3.45,+20.718, +8.775,+0.964
1583694360,+3.45,+20.734, +8.787,+0.964
1583694420,+3.45,+20.751, +8.778,+0.963
1583694480,+3.45,+20.759, +8.770,+0.963
1583694540,+3.45,+20.751, +8.775,+0.963
1583694600,+3.45,+20.751, +8.782,+0.963
1583694660,+3.45,+20.776, +8.772,+0.964
1583694720,+3.45,+20.768, +8.777,+0.964
1583694780,+3.45,+20.768, +8.769,+0.964
1583694840,+3.45,+20.784, +8.765,+0.964
1583694900,+3.45,+20.793, +8.756,+0.963
1583694960,+3.45,+20.793, +8.770,+0.964
1583695020,+3.45,+20.801, +8.749,+0.963
1583695080,+3.45,+20.793, +8.766,+0.963
1583695140,+3.45,+20.809, +8.771,+0.964
1583695200,+3.45,+20.809, +8.770,+0.964
1583695260,+3.45,+20.818, +8.763,+0.964
1583695320,+3.45,+20.826, +8.751,+0.964
1583695380,+3.45,+20.826, +8.770,+0.964
1583695440,+3.45,+20.826, +8.773,+0.963
1583695500,+3.45,+20.835, +8.797,+0.964
1583695560,+3.45,+20.835, +8.788,+0.964
1583695620,+3.45,+20.818, +8.800,+0.964
1583695680,+3.45,+20.809, +8.787,+0.964
1583695740,+3.45,+20.826, +8.775,+0.964
1583695800,+3.45,+20.826, +8.773,+0.964
1583695860,+3.45,+20.835, +8.798,+0.964
1583695920,+3.45,+20.826, +8.787,+0.963
1583695980,+3.45,+20.826, +8.793,+0.964
1583696040,+3.45,+20.801, +8.791,+0.963
1583696100,+3.45,+20.818, +8.797,+0.964
1583696160,+3.45,+20.793, +8.804,+0.964
1583696220,+3.45,+20.793, +8.802,+0.964
1583696280,+3.45,+20.809, +8.738,+0.963
