7450-735719
OS REV: 1.05 Sensor Cal: 1573748658
Time (sec),  BV (Volts),  T (deg C),  DO (mg/l),  Q ()
1583619600,+3.43,+16.536,+10.042,+0.977
1583619660,+3.43,+16.536,+10.060,+0.976
1583619720,+3.43,+16.536,+10.091,+0.976
1583619780,+3.43,+16.527,+10.131,+0.977
1583619840,+3.43,+16.493,+10.132,+0.977
1583619900,+3.43,+16.485,+10.126,+0.977
1583619960,+3.43,+16.485,+10.113,+0.977
1583620020,+3.43,+16.493,+10.112,+0.977
1583620080,+3.43,+16.468,+10.117,+0.977
1583620140,+3.43,+16.485,+10.111,+0.977
1583620200,+3.43,+16.459,+10.127,+0.977
1583620260,+3.43,+16.476,+10.102,+0.977
1583620320,+3.43,+16.442,+10.098,+0.976
1583620380,+3.43,+16.459,+10.109,+0.977
1583620440,+3.43,+16.459,+10.116,+0.976
1583620500,+3.43,+16.451,+10.131,+0.977
1583620560,+3.43,+16.451,+10.136,+0.977
1583620620,+3.43,+16.459,+10.141,+0.977
1583620680,+3.43,+16.451,+10.140,+0.976
1583620740,+3.43,+16.451,+10.154,+0.977
1583620800,+3.43,+16.459,+10.140,+0.976
1583620860,+3.43,+16.451,+10.151,+0.977
1583620920,+3.43,+16.459,+10.150,+0.977
1583620980,+3.43,+16.468,+10.139,+0.976
1583621040,+3.43,+16.468,+10.145,+0.977
1583621100,+3.43,+16.485,+10.123,+0.976
1583621160,+3.43,+16.476,+10.151,+0.977
1583621220,+3.43,+16.485,+10.130,+0.976
1583621280,+3.43,+16.485,+10.132,+0.976
1583621340,+3.43,+16.485,+10.145,+0.977
1583621400,+3.43,+16.493,+10.149,+0.977
1583621460,+3.43,+16.476,+10.169,+0.977
1583621520,+3.43,+16.485,+10.160,+0.977
1583621580,+3.43,+16.493,+10.168,+0.977
1583621640,+3.43,+16.485,+10.164,+0.976
1583621700,+3.43,+16.510,+10.149,+0.976
1583621760,+3.43,+16.493,+10.180,+0.976
1583621820,+3.43,+16.502,+10.171,+0.977
1583621880,+3.43,+16.536,+10.158,+0.977
1583621940,+3.43,+16.519,+10.175,+0.977
1583622000,+3.43,+16.527,+10.172,+0.977
1583622060,+3.43,+16.527,+10.169,+0.977
1583622120,+3.43,+16.527,+10.176,+0.977
1583622180,+3.43,+16.519,+10.197,+0.976
1583622240,+3.43,+16.510,+10.225,+0.977
1583622300,+3.43,+16.527,+10.217,+0.976
1583622360,+3.43,+16.493,+10.164,+0.977
1583622420,+3.43,+16.527,+10.112,+0.976
1583622480,+3.43,+16.502,+10.139,+0.977
1583622540,+3.43,+16.476,+10.153,+0.977
1583622600,+3.43,+16.476,+10.162,+0.977
1583622660,+3.43,+16.476,+10.173,+0.976
1583622720,+3.43,+16.459,+10.193,+0.977
1583622780,+3.43,+16.459,+10.198,+0.977
1583622840,+3.43,+16.468,+10.190,+0.976
1583622900,+3.43,+16.476,+10.190,+0.976
1583622960,+3.43,+16.459,+10.199,+0.977
1583623020,+3.43,+16.442,+10.186,+0.977
1583623080,+3.43,+16.425,+10.196,+0.976
1583623140,+3.43,+16.433,+10.207,+0.977
1583623200,+3.43,+16.416,+10.206,+0.977
1583623260,+3.43,+16.433,+10.197,+0.976
1583623320,+3.43,+16.399,+10.208,+0.977
1583623380,+3.43,+16.408,+10.179,+0.977
1583623440,+3.43,+16.408,+10.159,+0.977
1583623500,+3.43,+16.399,+10.155,+0.977
1583623560,+3.43,+16.382,+10.148,+0.977
1583623620,+3.43,+16.374,+10.149,+0.977
1583623680,+3.43,+16.365,+10.132,+0.977
1583623740,+3.43,+16.374,+10.115,+0.976
1583623800,+3.43,+16.348,+10.133,+0.977
1583623860,+3.43,+16.348,+10.116,+0.976
1583623920,+3.43,+16.365,+10.107,+0.977
1583623980,+3.43,+16.348,+10.117,+0.977
1583624040,+3.43,+16.348,+10.103,+0.976
1583624100,+3.43,+16.323,+10.127,+0.977
1583624160,+3.43,+16.323,+10.121,+0.977
1583624220,+3.43,+16.297,+10.117,+0.976
1583624280,+3.43,+16.331,+10.103,+0.976
1583624340,+3.43,+16.306,+10.116,+0.977
1583624400,+3.43,+16.297,+10.110,+0.977
1583624460,+3.43,+16.289,+10.113,+0.977
1583624520,+3.43,+16.314,+10.086,+0.977
1583624580,+3.43,+16.297,+10.092,+0.977
1583624640,+3.43,+16.297,+10.094,+0.977
1583624700,+3.43,+16.289,+10.076,+0.977
1583624760,+3.43,+16.289,+10.067,+0.977
1583624820,+3.43,+16.306,+10.067,+0.977
1583624880,+3.43,+16.314,+10.066,+0.977
1583624940,+3.43,+16.297,+10.060,+0.977
1583625000,+3.43,+16.280,+10.067,+0.977
1583625060,+3.43,+16.280,+10.074,+0.978
1583625120,+3.43,+16.289,+10.059,+0.977
1583625180,+3.43,+16.263,+10.076,+0.978
1583625240,+3.43,+16.280,+10.060,+0.977
1583625300,+3.43,+16.272,+10.071,+0.978
1583625360,+3.43,+16.263,+10.057,+0.977
1583625420,+3.43,+16.280,+10.048,+0.978
1583625480,+3.43,+16.272,+10.052,+0.977
1583625540,+3.43,+16.280,+10.051,+0.977
1583625600,+3.43,+16.263,+10.047,+0.977
1583625660,+3.43,+16.255,+10.057,+0.978
1583625720,+3.43,+16.255,+10.045,+0.977
1583625780,+3.43,+16.280,+10.036,+0.977
1583625840,+3.43,+16.263,+10.047,+0.978
1583625900,+3.43,+16.272,+10.051,+0.978
1583625960,+3.43,+16.272,+10.034,+0.977
1583626020,+3.43,+16.263,+10.014,+0.977
1583626080,+3.43,+16.263,+10.020,+0.977
1583626140,+3.43,+16.246,+10.032,+0.977
1583626200,+3.43,+16.246,+10.040,+0.978
1583626260,+3.43,+16.255,+10.048,+0.978
1583626320,+3.43,+16.229,+10.063,+0.978
1583626380,+3.43,+16.246,+10.060,+0.977
1583626440,+3.43,+16.246,+10.096,+0.977
1583626500,+3.43,+16.263,+10.138,+0.978
1583626560,+3.43,+16.297,+10.172,+0.978
1583626620,+3.43,+16.280,+10.184,+0.978
1583626680,+3.43,+16.289,+10.191,+0.978
1583626740,+3.43,+16.306,+10.185,+0.978
1583626800,+3.43,+16.272,+10.184,+0.978
1583626860,+3.43,+16.306,+10.159,+0.978
1583626920,+3.43,+16.289,+10.154,+0.978
1583626980,+3.43,+16.280,+10.141,+0.977
1583627040,+3.43,+16.289,+10.132,+0.978
1583627100,+3.43,+16.289,+10.121,+0.978
1583627160,+3.43,+16.289,+10.099,+0.977
1583627220,+3.43,+16.280,+10.113,+0.978
1583627280,+3.43,+16.280,+10.098,+0.978
1583627340,+3.43,+16.272,+10.100,+0.978
1583627400,+3.43,+16.280,+10.087,+0.977
1583627460,+3.43,+16.272,+10.091,+0.978
1583627520,+3.43,+16.272,+10.075,+0.977
1583627580,+3.43,+16.272,+10.076,+0.978
1583627640,+3.43,+16.263,+10.054,+0.977
1583627700,+3.43,+16.263,+10.052,+0.978
1583627760,+3.43,+16.246,+10.047,+0.977
1583627820,+3.43,+16.263,+10.044,+0.978
1583627880,+3.43,+16.263,+10.038,+0.978
1583627940,+3.43,+16.246,+10.045,+0.977
1583628000,+3.43,+16.238,+10.053,+0.978
1583628060,+3.43,+16.255,+10.043,+0.978
1583628120,+3.43,+16.246,+10.046,+0.978
1583628180,+3.43,+16.246,+10.046,+0.978
1583628240,+3.43,+16.246,+10.039,+0.978
1583628300,+3.43,+16.238,+10.047,+0.978
1583628360,+3.43,+16.238,+10.038,+0.978
1583628420,+3.43,+16.246,+10.023,+0.977
1583628480,+3.43,+16.255,+10.021,+0.978
1583628540,+3.43,+16.246,+10.014,+0.977
1583628600,+3.43,+16.255,+10.019,+0.978
1583628660,+3.43,+16.263,+10.099,+0.978
1583628720,+3.43,+16.280,+10.103,+0.978
1583628780,+3.43,+16.272,+10.095,+0.977
1583628840,+3.43,+16.289,+10.091,+0.978
1583628900,+3.43,+16.255,+10.099,+0.978
1583628960,+3.43,+16.280,+10.100,+0.978
1583629020,+3.43,+16.255,+10.083,+0.977
1583629080,+3.43,+16.263,+10.088,+0.977
1583629140,+3.43,+16.272,+10.092,+0.978
1583629200,+3.43,+16.263,+10.106,+0.978
1583629260,+3.43,+16.272,+10.228,+0.978
1583629320,+3.43,+16.297,+10.631,+0.978
1583629380,+3.43,+16.553,+11.417,+0.980
1583629440,+3.43,+16.935,+13.098,+0.982
1583629500,+3.43,+17.155,+12.884,+0.980
1583629560,+3.43,+17.282, +9.475,+0.978
1583629620,+3.43,+17.164, +9.432,+0.978
1583629680,+3.43,+16.867, +9.480,+0.977
1583629740,+3.43,+16.638, +9.509,+0.976
1583629800,+3.43,+16.416, +9.542,+0.976
1583629860,+3.43,+16.246, +9.580,+0.976
1583629920,+3.43,+16.067, +9.623,+0.976
1583629980,+3.43,+15.956, +9.651,+0.977
1583630040,+3.43,+16.195, +9.451,+0.978
1583630100,+3.43,+16.689, +9.371,+0.979
1583630160,+3.43,+17.054, +9.303,+0.979
1583630220,+3.43,+17.232, +9.211,+0.979
1583630280,+3.43,+17.266, +9.206,+0.978
1583630340,+3.43,+17.282, +9.217,+0.978
1583630400,+3.43,+17.350, +9.335,+0.978
1583630460,+3.43,+17.147, +9.371,+0.976
1583630520,+3.43,+16.943, +9.434,+0.977
1583630580,+3.43,+16.799, +9.447,+0.976
1583630640,+3.43,+16.689, +9.482,+0.977
1583630700,+3.43,+16.604, +9.502,+0.977
1583630760,+3.43,+16.561, +9.503,+0.976
1583630820,+3.43,+16.468, +9.521,+0.976
1583630880,+3.43,+16.416, +9.543,+0.977
1583630940,+3.43,+16.382, +9.548,+0.977
1583631000,+3.43,+16.289, +9.566,+0.977
1583631060,+3.43,+16.365, +9.565,+0.977
1583631120,+3.43,+16.229, +9.624,+0.977
1583631180,+3.44,+15.930, +9.664,+0.976
1583631240,+3.43,+15.579, +9.740,+0.976
1583631300,+3.43,+15.271, +9.780,+0.976
1583631360,+3.44,+15.047, +9.822,+0.975
1583631420,+3.44,+14.866, +9.861,+0.976
1583631480,+3.44,+14.814, +9.834,+0.976
1583631540,+3.44,+14.840, +9.819,+0.976
1583631600,+3.44,+14.909, +9.809,+0.977
1583631660,+3.44,+15.021, +9.781,+0.977
1583631720,+3.43,+15.142, +9.759,+0.977
1583631780,+3.43,+15.219, +9.757,+0.978
1583631840,+3.43,+15.331, +9.715,+0.977
1583631900,+3.43,+15.442, +9.692,+0.978
1583631960,+3.43,+15.554, +9.663,+0.977
1583632020,+3.43,+15.605, +9.657,+0.977
1583632080,+3.43,+15.716, +9.630,+0.977
1583632140,+3.43,+15.785, +9.629,+0.978
1583632200,+3.43,+15.870, +9.610,+0.978
1583632260,+3.43,+15.964, +9.583,+0.978
1583632320,+3.43,+16.024, +9.577,+0.978
1583632380,+3.43,+16.110, +9.562,+0.978
1583632440,+3.43,+16.161, +9.554,+0.978
1583632500,+3.43,+16.212, +9.541,+0.978
1583632560,+3.43,+16.263, +9.531,+0.978
1583632620,+3.43,+16.289, +9.518,+0.978
1583632680,+3.43,+16.289, +9.523,+0.978
1583632740,+3.43,+16.323, +9.514,+0.978
1583632800,+3.43,+16.357, +9.512,+0.978
1583632860,+3.43,+16.391, +9.502,+0.978
1583632920,+3.43,+16.433, +9.489,+0.978
1583632980,+3.43,+16.451, +9.492,+0.978
1583633040,+3.43,+16.493, +9.488,+0.979
1583633100,+3.43,+16.527, +9.469,+0.978
1583633160,+3.43,+16.553, +9.468,+0.978
1583633220,+3.43,+16.604, +9.460,+0.978
1583633280,+3.43,+16.638, +9.458,+0.979
1583633340,+3.43,+16.663, +9.453,+0.978
1583633400,+3.43,+16.714, +9.433,+0.978
1583633460,+3.43,+16.748, +9.430,+0.978
1583633520,+3.43,+16.782, +9.430,+0.978
1583633580,+3.43,+16.799, +9.413,+0.978
1583633640,+3.43,+16.808, +9.421,+0.978
1583633700,+3.43,+16.833, +9.415,+0.978
1583633760,+3.43,+16.859, +9.417,+0.979
1583633820,+3.43,+16.876, +9.400,+0.978
1583633880,+3.43,+16.918, +9.394,+0.978
1583633940,+3.43,+16.901, +9.397,+0.978
1583634000,+3.43,+16.943, +9.386,+0.978
1583634060,+3.43,+16.952, +9.389,+0.978
1583634120,+3.43,+16.986, +9.375,+0.978
1583634180,+3.43,+17.028, +9.337,+0.978
1583634240,+3.43,+17.062, +9.355,+0.978
1583634300,+3.43,+17.045, +9.360,+0.978
1583634360,+3.43,+17.088, +9.363,+0.979
1583634420,+3.43,+17.138, +9.345,+0.978
1583634480,+3.43,+17.181, +9.346,+0.978
1583634540,+3.43,+17.232, +9.341,+0.978
1583634600,+3.43,+17.274, +9.340,+0.978
1583634660,+3.43,+17.587, +9.302,+0.978
1583634720,+3.43,+17.807, +9.245,+0.977
1583634780,+3.43,+17.781, +9.263,+0.977
1583634840,+3.43,+17.756, +9.271,+0.976
1583634900,+3.43,+17.705, +9.278,+0.976
1583634960,+3.43,+17.663, +9.284,+0.976
1583635020,+3.43,+17.621, +9.288,+0.976
1583635080,+3.43,+17.621, +9.291,+0.975
1583635140,+3.43,+17.604, +9.303,+0.976
1583635200,+3.43,+17.579, +9.308,+0.976
1583635260,+3.43,+17.595, +9.284,+0.975
1583635320,+3.43,+17.579, +9.298,+0.975
1583635380,+3.43,+17.587, +9.285,+0.974
1583635440,+3.43,+17.595, +9.309,+0.976
1583635500,+3.43,+17.587, +9.310,+0.975
1583635560,+3.43,+17.595, +9.307,+0.975
1583635620,+3.43,+17.595, +9.291,+0.975
1583635680,+3.43,+17.587, +9.315,+0.975
1583635740,+3.43,+17.612, +9.310,+0.975
1583635800,+3.43,+17.612, +9.302,+0.975
1583635860,+3.43,+17.638, +9.297,+0.975
1583635920,+3.43,+17.663, +9.297,+0.975
1583635980,+3.43,+17.672, +9.283,+0.975
1583636040,+3.43,+17.697, +9.305,+0.975
1583636100,+3.43,+17.722, +9.286,+0.975
1583636160,+3.43,+17.731, +9.302,+0.975
1583636220,+3.43,+17.714, +9.292,+0.975
1583636280,+3.43,+17.739, +9.275,+0.975
1583636340,+3.43,+17.739, +9.285,+0.975
1583636400,+3.43,+17.756, +9.279,+0.974
1583636460,+3.43,+17.781, +9.266,+0.975
1583636520,+3.43,+17.781, +9.283,+0.975
1583636580,+3.43,+17.815, +9.294,+0.976
1583636640,+3.43,+17.824, +9.278,+0.975
1583636700,+3.43,+17.832, +9.275,+0.976
1583636760,+3.43,+17.849, +9.277,+0.975
1583636820,+3.43,+17.874, +9.270,+0.975
1583636880,+3.43,+17.891, +9.258,+0.975
1583636940,+3.43,+17.908, +9.283,+0.975
1583637000,+3.43,+17.891, +9.261,+0.974
1583637060,+3.43,+17.908, +9.262,+0.974
1583637120,+3.43,+17.916, +9.264,+0.975
1583637180,+3.43,+17.959, +9.252,+0.975
1583637240,+3.43,+17.950, +9.243,+0.975
1583637300,+3.43,+17.959, +9.229,+0.974
1583637360,+3.43,+17.967, +9.237,+0.975
1583637420,+3.43,+18.018, +9.231,+0.974
1583637480,+3.43,+18.035, +9.235,+0.975
1583637540,+3.43,+18.043, +9.228,+0.975
1583637600,+3.43,+18.060, +9.230,+0.974
1583637660,+3.43,+18.051, +9.235,+0.975
1583637720,+3.43,+18.043, +9.240,+0.975
1583637780,+3.43,+18.077, +9.230,+0.975
1583637840,+3.43,+18.077, +9.242,+0.975
1583637900,+3.43,+18.102, +9.207,+0.975
1583637960,+3.43,+18.102, +9.223,+0.974
1583638020,+3.43,+18.110, +9.242,+0.975
1583638080,+3.43,+18.102, +9.255,+0.975
1583638140,+3.43,+18.119, +9.232,+0.975
1583638200,+3.43,+18.110, +9.238,+0.975
1583638260,+3.43,+18.102, +9.231,+0.975
1583638320,+3.43,+18.119, +9.223,+0.974
1583638380,+3.43,+18.136, +9.244,+0.975
1583638440,+3.43,+18.110, +9.227,+0.975
1583638500,+3.43,+18.110, +9.215,+0.975
1583638560,+3.43,+18.127, +9.212,+0.975
1583638620,+3.43,+18.127, +9.242,+0.975
1583638680,+3.43,+18.153, +9.237,+0.974
1583638740,+3.43,+18.136, +9.226,+0.975
1583638800,+3.43,+18.153, +9.220,+0.975
1583638860,+3.43,+18.144, +9.205,+0.975
1583638920,+3.43,+18.153, +9.209,+0.975
1583638980,+3.43,+18.169, +9.184,+0.974
1583639040,+3.43,+18.178, +9.191,+0.974
1583639100,+3.43,+18.178, +9.185,+0.975
1583639160,+3.43,+18.178, +9.212,+0.975
1583639220,+3.43,+18.212, +9.192,+0.975
1583639280,+3.43,+18.220, +9.193,+0.975
1583639340,+3.43,+18.212, +9.207,+0.975
1583639400,+3.43,+18.245, +9.189,+0.975
1583639460,+3.43,+18.220, +9.203,+0.975
1583639520,+3.43,+18.254, +9.186,+0.975
1583639580,+3.43,+18.271, +9.191,+0.975
1583639640,+3.43,+18.279, +9.186,+0.975
1583639700,+3.43,+18.296, +9.186,+0.975
1583639760,+3.43,+18.313, +9.180,+0.975
1583639820,+3.43,+18.329, +9.171,+0.975
1583639880,+3.43,+18.346, +9.164,+0.974
1583639940,+3.43,+18.346, +9.171,+0.975
1583640000,+3.43,+18.363, +9.173,+0.975
1583640060,+3.43,+18.363, +9.161,+0.975
1583640120,+3.43,+18.405, +9.149,+0.975
1583640180,+3.43,+18.414, +9.153,+0.975
1583640240,+3.43,+18.414, +9.157,+0.975
1583640300,+3.43,+18.422, +9.154,+0.975
1583640360,+3.43,+18.447, +9.157,+0.975
1583640420,+3.43,+18.473, +9.137,+0.974
1583640480,+3.43,+18.473, +9.142,+0.975
1583640540,+3.43,+18.481, +9.149,+0.975
1583640600,+3.43,+18.498, +9.136,+0.975
1583640660,+3.43,+18.515, +9.146,+0.975
1583640720,+3.43,+18.540, +9.135,+0.975
1583640780,+3.43,+18.557, +9.128,+0.975
1583640840,+3.43,+18.574, +9.127,+0.975
1583640900,+3.43,+18.582, +9.117,+0.974
1583640960,+3.43,+18.599, +9.134,+0.975
1583641020,+3.43,+18.599, +9.123,+0.975
1583641080,+3.43,+18.633, +9.116,+0.975
1583641140,+3.43,+18.649, +9.104,+0.974
1583641200,+3.43,+18.658, +9.105,+0.974
1583641260,+3.43,+18.658, +9.108,+0.974
1583641320,+3.43,+18.675, +9.116,+0.975
1583641380,+3.43,+18.683, +9.111,+0.975
1583641440,+3.43,+18.700, +9.095,+0.974
1583641500,+3.43,+18.700, +9.118,+0.975
1583641560,+3.43,+18.708, +9.108,+0.975
1583641620,+3.43,+18.717, +9.101,+0.974
1583641680,+3.43,+18.742, +9.105,+0.975
1583641740,+3.43,+18.742, +9.103,+0.975
1583641800,+3.43,+18.767, +9.097,+0.975
1583641860,+3.43,+18.775, +9.090,+0.974
1583641920,+3.43,+18.775, +9.097,+0.975
1583641980,+3.43,+18.784, +9.106,+0.975
1583642040,+3.43,+18.784, +9.103,+0.975
1583642100,+3.43,+18.792, +9.102,+0.975
1583642160,+3.43,+18.818, +9.089,+0.975
1583642220,+3.43,+18.826, +9.075,+0.974
1583642280,+3.43,+18.834, +9.086,+0.975
1583642340,+3.43,+18.834, +9.090,+0.975
1583642400,+3.43,+18.860, +9.092,+0.975
1583642460,+3.43,+18.860, +9.085,+0.975
1583642520,+3.43,+18.885, +9.070,+0.974
1583642580,+3.43,+18.893, +9.080,+0.975
1583642640,+3.43,+18.885, +9.074,+0.974
1583642700,+3.43,+18.910, +9.066,+0.974
1583642760,+3.43,+18.910, +9.077,+0.975
1583642820,+3.43,+18.918, +9.088,+0.975
1583642880,+3.43,+18.935, +9.063,+0.974
1583642940,+3.43,+18.927, +9.077,+0.975
1583643000,+3.43,+18.935, +9.072,+0.975
1583643060,+3.43,+18.935, +9.068,+0.974
1583643120,+3.43,+18.960, +9.063,+0.974
1583643180,+3.43,+18.969, +9.060,+0.974
1583643240,+3.43,+18.969, +9.074,+0.975
1583643300,+3.43,+18.969, +9.067,+0.974
1583643360,+3.43,+18.986, +9.066,+0.974
1583643420,+3.43,+18.994, +9.070,+0.975
1583643480,+3.43,+19.002, +9.055,+0.974
1583643540,+3.43,+19.028, +9.057,+0.975
1583643600,+3.43,+19.019, +9.067,+0.975
1583643660,+3.43,+19.019, +9.056,+0.974
1583643720,+3.43,+19.044, +9.052,+0.975
1583643780,+3.43,+19.019, +9.055,+0.974
1583643840,+3.44,+19.044, +9.054,+0.974
1583643900,+3.44,+19.044, +9.065,+0.975
1583643960,+3.43,+19.044, +9.061,+0.974
1583644020,+3.44,+19.053, +9.060,+0.974
1583644080,+3.44,+19.053, +9.072,+0.975
1583644140,+3.44,+19.070, +9.052,+0.974
1583644200,+3.44,+19.070, +9.064,+0.975
1583644260,+3.44,+19.078, +9.066,+0.975
1583644320,+3.44,+19.078, +9.065,+0.975
1583644380,+3.44,+19.078, +9.064,+0.975
1583644440,+3.44,+19.095, +9.058,+0.975
1583644500,+3.44,+19.103, +9.070,+0.975
1583644560,+3.44,+19.112, +9.056,+0.974
1583644620,+3.44,+19.112, +9.059,+0.975
1583644680,+3.43,+19.112, +9.047,+0.974
1583644740,+3.44,+19.128, +9.052,+0.975
1583644800,+3.44,+19.112, +9.060,+0.975
1583644860,+3.44,+19.120, +9.046,+0.974
1583644920,+3.44,+19.137, +9.049,+0.974
1583644980,+3.44,+19.128, +9.047,+0.974
1583645040,+3.44,+19.137, +9.057,+0.975
1583645100,+3.44,+19.154, +9.039,+0.974
1583645160,+3.44,+19.154, +9.046,+0.974
1583645220,+3.44,+19.154, +9.052,+0.975
1583645280,+3.44,+19.170, +9.052,+0.975
1583645340,+3.44,+19.162, +9.045,+0.974
1583645400,+3.43,+19.179, +9.049,+0.975
1583645460,+3.44,+19.204, +9.043,+0.975
1583645520,+3.44,+19.179, +9.049,+0.975
1583645580,+3.44,+19.187, +9.042,+0.974
1583645640,+3.44,+19.212, +9.055,+0.975
1583645700,+3.44,+19.212, +9.038,+0.974
1583645760,+3.44,+19.212, +9.042,+0.974
1583645820,+3.44,+19.212, +9.042,+0.974
1583645880,+3.44,+19.212, +9.038,+0.974
1583645940,+3.44,+19.221, +9.040,+0.974
1583646000,+3.44,+19.221, +9.044,+0.975
1583646060,+3.44,+19.237, +9.030,+0.974
1583646120,+3.44,+19.237, +9.048,+0.975
1583646180,+3.44,+19.221, +9.043,+0.974
1583646240,+3.44,+19.237, +9.040,+0.974
1583646300,+3.44,+19.246, +9.023,+0.974
1583646360,+3.44,+19.254, +9.034,+0.974
1583646420,+3.44,+19.246, +9.042,+0.975
1583646480,+3.44,+19.246, +9.033,+0.974
1583646540,+3.44,+19.246, +9.032,+0.975
1583646600,+3.44,+19.254, +9.032,+0.975
1583646660,+3.44,+19.254, +9.036,+0.974
1583646720,+3.44,+19.271, +9.040,+0.975
1583646780,+3.44,+19.279, +9.024,+0.974
1583646840,+3.44,+19.279, +9.031,+0.974
1583646900,+3.44,+19.271, +9.027,+0.974
1583646960,+3.44,+19.296, +9.029,+0.974
1583647020,+3.44,+19.279, +9.043,+0.975
1583647080,+3.44,+19.288, +9.028,+0.974
1583647140,+3.44,+19.296, +9.024,+0.974
1583647200,+3.44,+19.296, +9.031,+0.974
1583647260,+3.44,+19.288, +9.027,+0.974
1583647320,+3.44,+19.296, +9.036,+0.975
1583647380,+3.44,+19.288, +9.036,+0.975
1583647440,+3.44,+19.313, +9.014,+0.974
1583647500,+3.44,+19.288, +9.037,+0.975
1583647560,+3.44,+19.313, +9.025,+0.974
1583647620,+3.44,+19.305, +9.023,+0.974
1583647680,+3.44,+19.313, +9.033,+0.975
1583647740,+3.44,+19.305, +9.026,+0.974
1583647800,+3.44,+19.330, +9.023,+0.974
1583647860,+3.44,+19.330, +9.026,+0.975
1583647920,+3.44,+19.313, +9.026,+0.974
1583647980,+3.44,+19.330, +9.026,+0.974
1583648040,+3.44,+19.321, +9.028,+0.974
1583648100,+3.44,+19.330, +9.034,+0.975
1583648160,+3.44,+19.321, +9.029,+0.975
1583648220,+3.44,+19.347, +9.016,+0.974
1583648280,+3.44,+19.347, +9.022,+0.974
1583648340,+3.44,+19.330, +9.018,+0.974
1583648400,+3.44,+19.347, +9.020,+0.974
1583648460,+3.44,+19.347, +9.022,+0.974
1583648520,+3.44,+19.363, +9.015,+0.974
1583648580,+3.44,+19.347, +9.028,+0.975
1583648640,+3.44,+19.355, +9.026,+0.975
1583648700,+3.44,+19.355, +9.024,+0.974
1583648760,+3.44,+19.355, +9.014,+0.974
1583648820,+3.44,+19.363, +9.019,+0.974
1583648880,+3.44,+19.363, +9.017,+0.974
1583648940,+3.44,+19.355, +9.019,+0.974
1583649000,+3.44,+19.363, +9.025,+0.974
1583649060,+3.44,+19.372, +9.024,+0.975
1583649120,+3.44,+19.363, +9.027,+0.974
1583649180,+3.44,+19.380, +9.012,+0.974
1583649240,+3.44,+19.372, +9.024,+0.974
1583649300,+3.44,+19.397, +9.005,+0.974
1583649360,+3.44,+19.380, +9.016,+0.974
1583649420,+3.44,+19.380, +9.016,+0.974
1583649480,+3.44,+19.397, +9.021,+0.975
1583649540,+3.44,+19.389, +9.022,+0.974
1583649600,+3.44,+19.397, +9.022,+0.975
1583649660,+3.44,+19.389, +9.012,+0.974
1583649720,+3.44,+19.389, +9.006,+0.974
1583649780,+3.44,+19.389, +9.020,+0.974
1583649840,+3.44,+19.405, +9.017,+0.974
1583649900,+3.44,+19.397, +9.015,+0.974
1583649960,+3.44,+19.414, +9.010,+0.974
1583650020,+3.44,+19.422, +9.000,+0.974
1583650080,+3.44,+19.405, +9.015,+0.974
1583650140,+3.44,+19.405, +9.020,+0.975
1583650200,+3.44,+19.414, +9.018,+0.974
1583650260,+3.44,+19.431, +9.001,+0.974
1583650320,+3.44,+19.422, +9.007,+0.974
1583650380,+3.44,+19.422, +9.020,+0.975
1583650440,+3.44,+19.414, +9.007,+0.974
1583650500,+3.44,+19.439, +9.005,+0.974
1583650560,+3.44,+19.456, +8.990,+0.973
1583650620,+3.44,+19.439, +9.006,+0.974
1583650680,+3.44,+19.431, +9.014,+0.975
1583650740,+3.44,+19.447, +9.005,+0.974
1583650800,+3.44,+19.456, +8.999,+0.974
1583650860,+3.44,+19.464, +9.003,+0.974
1583650920,+3.44,+19.447, +9.007,+0.975
1583650980,+3.44,+19.481, +8.990,+0.974
1583651040,+3.44,+19.464, +8.995,+0.974
1583651100,+3.44,+19.447, +9.007,+0.974
1583651160,+3.44,+19.472, +8.998,+0.974
1583651220,+3.44,+19.489, +8.994,+0.974
1583651280,+3.44,+19.481, +8.995,+0.974
1583651340,+3.44,+19.472, +8.993,+0.974
1583651400,+3.44,+19.489, +8.993,+0.974
1583651460,+3.44,+19.481, +8.994,+0.974
1583651520,+3.44,+19.481, +8.997,+0.975
1583651580,+3.44,+19.489, +8.998,+0.974
1583651640,+3.44,+19.506, +8.988,+0.974
1583651700,+3.44,+19.489, +9.000,+0.974
1583651760,+3.44,+19.506, +8.996,+0.974
1583651820,+3.44,+19.506, +8.993,+0.974
1583651880,+3.44,+19.489, +8.999,+0.974
1583651940,+3.44,+19.506, +9.001,+0.975
1583652000,+3.44,+19.523, +8.986,+0.974
1583652060,+3.44,+19.514, +9.000,+0.975
1583652120,+3.44,+19.506, +8.989,+0.974
1583652180,+3.44,+19.514, +9.005,+0.975
1583652240,+3.44,+19.514, +8.994,+0.974
1583652300,+3.44,+19.531, +8.991,+0.974
1583652360,+3.44,+19.523, +8.999,+0.974
1583652420,+3.44,+19.531, +8.991,+0.975
1583652480,+3.44,+19.531, +8.981,+0.974
1583652540,+3.44,+19.523, +8.993,+0.974
1583652600,+3.44,+19.531, +8.990,+0.975
1583652660,+3.44,+19.531, +8.995,+0.974
1583652720,+3.44,+19.548, +8.987,+0.974
1583652780,+3.44,+19.565, +8.975,+0.974
1583652840,+3.44,+19.548, +8.988,+0.974
1583652900,+3.44,+19.540, +8.994,+0.974
1583652960,+3.44,+19.573, +8.980,+0.974
1583653020,+3.44,+19.565, +8.972,+0.973
1583653080,+3.44,+19.565, +8.980,+0.974
1583653140,+3.44,+19.565, +8.975,+0.974
1583653200,+3.44,+19.565, +8.976,+0.974
1583653260,+3.44,+19.565, +8.984,+0.975
1583653320,+3.44,+19.573, +8.979,+0.974
1583653380,+3.44,+19.590, +8.975,+0.974
1583653440,+3.44,+19.598, +8.980,+0.974
1583653500,+3.43,+19.607, +8.979,+0.974
1583653560,+3.44,+19.598, +8.976,+0.974
1583653620,+3.44,+19.590, +8.981,+0.974
1583653680,+3.44,+19.607, +8.975,+0.974
1583653740,+3.43,+19.607, +8.980,+0.974
1583653800,+3.44,+19.598, +8.984,+0.975
1583653860,+3.44,+19.590, +8.969,+0.974
1583653920,+3.43,+19.615, +8.975,+0.974
1583653980,+3.43,+19.607, +8.978,+0.974
1583654040,+3.44,+19.615, +8.980,+0.975
1583654100,+3.44,+19.623, +8.969,+0.974
1583654160,+3.44,+19.615, +8.973,+0.974
1583654220,+3.43,+19.623, +8.972,+0.974
1583654280,+3.44,+19.640, +8.967,+0.974
1583654340,+3.43,+19.623, +8.975,+0.974
1583654400,+3.44,+19.623, +8.973,+0.974
1583654460,+3.44,+19.640, +8.968,+0.974
1583654520,+3.43,+19.632, +8.975,+0.974
1583654580,+3.43,+19.640, +8.971,+0.974
1583654640,+3.43,+19.640, +8.963,+0.974
1583654700,+3.43,+19.649, +8.971,+0.974
1583654760,+3.43,+19.649, +8.966,+0.974
1583654820,+3.44,+19.640, +8.972,+0.974
1583654880,+3.43,+19.657, +8.959,+0.974
1583654940,+3.44,+19.649, +8.971,+0.975
1583655000,+3.44,+19.640, +8.973,+0.975
1583655060,+3.43,+19.649, +8.970,+0.974
1583655120,+3.44,+19.665, +8.973,+0.975
1583655180,+3.43,+19.657, +8.956,+0.973
1583655240,+3.43,+19.665, +8.973,+0.975
1583655300,+3.44,+19.674, +8.961,+0.974
1583655360,+3.43,+19.657, +8.974,+0.975
1583655420,+3.43,+19.682, +8.960,+0.974
1583655480,+3.44,+19.682, +8.967,+0.974
1583655540,+3.43,+19.674, +8.964,+0.974
1583655600,+3.44,+19.674, +8.968,+0.974
1583655660,+3.44,+19.665, +8.970,+0.975
1583655720,+3.43,+19.690, +8.955,+0.974
1583655780,+3.43,+19.690, +8.964,+0.975
1583655840,+3.43,+19.690, +8.965,+0.974
1583655900,+3.43,+19.699, +8.948,+0.974
1583655960,+3.43,+19.690, +8.969,+0.975
1583656020,+3.43,+19.707, +8.954,+0.974
1583656080,+3.43,+19.699, +8.960,+0.974
1583656140,+3.43,+19.707, +8.957,+0.974
1583656200,+3.43,+19.707, +8.953,+0.974
1583656260,+3.43,+19.724, +8.965,+0.975
1583656320,+3.43,+19.707, +8.952,+0.974
1583656380,+3.43,+19.716, +8.949,+0.974
1583656440,+3.43,+19.716, +8.952,+0.974
1583656500,+3.43,+19.724, +8.950,+0.974
1583656560,+3.43,+19.732, +8.954,+0.975
1583656620,+3.43,+19.749, +8.952,+0.975
1583656680,+3.43,+19.749, +8.957,+0.975
1583656740,+3.43,+19.749, +8.940,+0.974
1583656800,+3.43,+19.766, +8.940,+0.974
1583656860,+3.43,+19.758, +8.950,+0.975
1583656920,+3.43,+19.758, +8.950,+0.975
1583656980,+3.43,+19.774, +8.934,+0.974
1583657040,+3.43,+19.749, +8.951,+0.974
1583657100,+3.43,+19.758, +8.950,+0.975
1583657160,+3.43,+19.758, +8.944,+0.974
1583657220,+3.43,+19.749, +8.949,+0.974
1583657280,+3.43,+19.783, +8.933,+0.974
1583657340,+3.43,+19.766, +8.942,+0.974
1583657400,+3.43,+19.766, +8.953,+0.975
1583657460,+3.43,+19.774, +8.942,+0.974
1583657520,+3.43,+19.783, +8.928,+0.974
1583657580,+3.43,+19.774, +8.952,+0.975
1583657640,+3.43,+19.791, +8.932,+0.974
1583657700,+3.43,+19.774, +8.936,+0.974
1583657760,+3.43,+19.783, +8.939,+0.975
1583657820,+3.43,+19.774, +8.940,+0.974
1583657880,+3.43,+19.766, +8.951,+0.975
1583657940,+3.43,+19.783, +8.939,+0.974
1583658000,+3.43,+19.791, +8.931,+0.974
1583658060,+3.43,+19.774, +8.947,+0.974
1583658120,+3.43,+19.783, +8.944,+0.974
1583658180,+3.43,+19.799, +8.938,+0.974
1583658240,+3.43,+19.791, +8.944,+0.975
1583658300,+3.43,+19.799, +8.940,+0.975
1583658360,+3.43,+19.808, +8.924,+0.974
1583658420,+3.43,+19.791, +8.930,+0.974
1583658480,+3.43,+19.791, +8.939,+0.974
1583658540,+3.43,+19.816, +8.939,+0.975
1583658600,+3.43,+19.808, +8.916,+0.973
1583658660,+3.43,+19.808, +8.937,+0.974
1583658720,+3.43,+19.825, +8.931,+0.974
1583658780,+3.43,+19.808, +8.937,+0.974
1583658840,+3.43,+19.808, +8.932,+0.974
1583658900,+3.43,+19.816, +8.936,+0.975
1583658960,+3.43,+19.825, +8.930,+0.974
1583659020,+3.43,+19.825, +8.920,+0.974
1583659080,+3.43,+19.833, +8.928,+0.975
1583659140,+3.43,+19.825, +8.934,+0.975
1583659200,+3.43,+19.825, +8.940,+0.974
1583659260,+3.43,+19.825, +8.926,+0.974
1583659320,+3.43,+19.825, +8.930,+0.974
1583659380,+3.43,+19.825, +8.931,+0.975
1583659440,+3.43,+19.825, +8.921,+0.974
1583659500,+3.43,+19.825, +8.936,+0.975
1583659560,+3.43,+19.841, +8.926,+0.974
1583659620,+3.43,+19.825, +8.928,+0.974
1583659680,+3.43,+19.841, +8.919,+0.974
1583659740,+3.43,+19.833, +8.927,+0.974
1583659800,+3.43,+19.825, +8.941,+0.975
1583659860,+3.43,+19.833, +8.928,+0.975
1583659920,+3.43,+19.841, +8.929,+0.975
1583659980,+3.44,+19.833, +8.930,+0.975
1583660040,+3.43,+19.841, +8.918,+0.974
1583660100,+3.43,+19.850, +8.921,+0.974
1583660160,+3.43,+19.825, +8.933,+0.974
1583660220,+3.43,+19.825, +8.940,+0.975
1583660280,+3.43,+19.833, +8.930,+0.975
1583660340,+3.44,+19.858, +8.928,+0.974
1583660400,+3.43,+19.841, +8.918,+0.974
1583660460,+3.43,+19.825, +8.924,+0.974
1583660520,+3.43,+19.816, +8.947,+0.975
1583660580,+3.43,+19.816, +8.924,+0.974
1583660640,+3.43,+19.808, +8.934,+0.975
1583660700,+3.43,+19.825, +8.920,+0.974
1583660760,+3.43,+19.833, +8.923,+0.974
1583660820,+3.43,+19.833, +8.932,+0.974
1583660880,+3.43,+19.825, +8.920,+0.974
1583660940,+3.43,+19.808, +8.942,+0.974
1583661000,+3.43,+19.816, +8.925,+0.974
1583661060,+3.43,+19.816, +8.935,+0.974
1583661120,+3.44,+19.825, +8.935,+0.975
1583661180,+3.43,+19.816, +8.938,+0.974
1583661240,+3.43,+19.825, +8.934,+0.974
1583661300,+3.44,+19.808, +8.926,+0.974
1583661360,+3.43,+19.816, +8.930,+0.974
1583661420,+3.43,+19.825, +8.925,+0.974
1583661480,+3.44,+19.825, +8.913,+0.974
1583661540,+3.43,+19.825, +8.921,+0.974
1583661600,+3.44,+19.799, +8.939,+0.974
1583661660,+3.43,+19.825, +8.923,+0.974
1583661720,+3.43,+19.808, +8.927,+0.974
1583661780,+3.43,+19.808, +8.928,+0.974
1583661840,+3.44,+19.808, +8.926,+0.974
1583661900,+3.44,+19.825, +8.925,+0.974
1583661960,+3.43,+19.791, +8.936,+0.974
1583662020,+3.43,+19.833, +8.918,+0.974
1583662080,+3.43,+19.816, +8.927,+0.974
1583662140,+3.43,+19.833, +8.917,+0.974
1583662200,+3.43,+19.841, +8.924,+0.974
1583662260,+3.43,+19.808, +8.922,+0.974
1583662320,+3.43,+19.799, +8.947,+0.974
1583662380,+3.44,+19.808, +8.921,+0.974
1583662440,+3.43,+19.799, +8.933,+0.974
1583662500,+3.44,+19.825, +8.920,+0.974
1583662560,+3.44,+19.816, +8.929,+0.974
1583662620,+3.43,+19.816, +8.920,+0.974
1583662680,+3.44,+19.825, +8.923,+0.974
1583662740,+3.44,+19.816, +8.926,+0.974
1583662800,+3.44,+19.799, +8.947,+0.975
1583662860,+3.44,+19.799, +8.935,+0.974
1583662920,+3.43,+19.808, +8.943,+0.975
1583662980,+3.44,+19.816, +8.944,+0.974
1583663040,+3.43,+19.808, +8.932,+0.974
1583663100,+3.43,+19.825, +8.913,+0.974
1583663160,+3.43,+19.808, +8.926,+0.975
1583663220,+3.43,+19.816, +8.921,+0.975
1583663280,+3.43,+19.799, +8.935,+0.974
1583663340,+3.44,+19.808, +8.931,+0.974
1583663400,+3.44,+19.791, +8.923,+0.974
1583663460,+3.44,+19.808, +8.922,+0.975
1583663520,+3.44,+19.816, +8.915,+0.975
1583663580,+3.43,+19.808, +8.917,+0.974
1583663640,+3.43,+19.825, +8.906,+0.974
1583663700,+3.43,+19.816, +8.896,+0.974
1583663760,+3.43,+19.816, +8.911,+0.973
1583663820,+3.43,+19.808, +8.928,+0.975
1583663880,+3.43,+19.816, +8.921,+0.975
1583663940,+3.44,+19.808, +8.946,+0.975
1583664000,+3.44,+19.808, +8.906,+0.974
1583664060,+3.44,+19.808, +8.932,+0.975
1583664120,+3.44,+19.808, +8.897,+0.974
1583664180,+3.44,+19.799, +8.916,+0.974
1583664240,+3.43,+19.799, +8.918,+0.974
1583664300,+3.44,+19.816, +8.930,+0.975
1583664360,+3.44,+19.791, +8.936,+0.975
1583664420,+3.44,+19.783, +8.948,+0.974
1583664480,+3.44,+19.808, +8.938,+0.975
1583664540,+3.44,+19.808, +8.923,+0.974
1583664600,+3.44,+19.799, +8.935,+0.975
1583664660,+3.44,+19.808, +8.929,+0.975
1583664720,+3.44,+19.808, +8.932,+0.974
1583664780,+3.43,+19.791, +8.927,+0.974
1583664840,+3.44,+19.791, +8.936,+0.974
1583664900,+3.44,+19.783, +8.950,+0.974
1583664960,+3.44,+19.799, +8.928,+0.974
1583665020,+3.44,+19.774, +8.940,+0.975
1583665080,+3.44,+19.783, +8.925,+0.974
1583665140,+3.44,+19.783, +8.940,+0.975
1583665200,+3.44,+19.783, +8.944,+0.975
1583665260,+3.44,+19.783, +8.923,+0.974
1583665320,+3.44,+19.799, +8.922,+0.974
1583665380,+3.44,+19.783, +8.928,+0.974
1583665440,+3.44,+19.774, +8.942,+0.975
1583665500,+3.44,+19.783, +8.935,+0.975
1583665560,+3.44,+19.791, +8.931,+0.974
1583665620,+3.44,+19.758, +8.934,+0.974
1583665680,+3.44,+19.783, +8.928,+0.974
1583665740,+3.44,+19.774, +8.935,+0.974
1583665800,+3.44,+19.791, +8.918,+0.974
1583665860,+3.44,+19.791, +8.934,+0.974
1583665920,+3.44,+19.774, +8.950,+0.975
1583665980,+3.44,+19.791, +8.921,+0.974
1583666040,+3.44,+19.791, +8.924,+0.974
1583666100,+3.44,+19.783, +8.942,+0.975
1583666160,+3.44,+19.766, +8.948,+0.974
1583666220,+3.44,+19.791, +8.919,+0.974
1583666280,+3.44,+19.791, +8.937,+0.974
1583666340,+3.44,+19.783, +8.938,+0.974
1583666400,+3.44,+19.774, +8.923,+0.973
1583666460,+3.44,+19.774, +8.934,+0.974
1583666520,+3.43,+19.783, +8.931,+0.975
1583666580,+3.44,+19.783, +8.929,+0.974
1583666640,+3.44,+19.783, +8.929,+0.974
1583666700,+3.44,+19.791, +8.918,+0.974
1583666760,+3.44,+19.783, +8.915,+0.974
1583666820,+3.44,+19.799, +8.913,+0.975
1583666880,+3.44,+19.808, +8.916,+0.974
1583666940,+3.44,+19.783, +8.922,+0.974
1583667000,+3.44,+19.791, +8.902,+0.974
1583667060,+3.44,+19.791, +8.899,+0.974
1583667120,+3.44,+19.799, +8.905,+0.974
1583667180,+3.44,+19.808, +8.919,+0.974
1583667240,+3.44,+19.791, +8.918,+0.974
1583667300,+3.44,+19.791, +8.921,+0.974
1583667360,+3.44,+19.791, +8.942,+0.975
1583667420,+3.44,+19.799, +8.910,+0.975
1583667480,+3.44,+19.774, +8.945,+0.974
1583667540,+3.44,+19.783, +8.909,+0.974
1583667600,+3.44,+19.783, +8.908,+0.974
1583667660,+3.44,+19.783, +8.923,+0.975
1583667720,+3.44,+19.791, +8.923,+0.974
1583667780,+3.44,+19.799, +8.914,+0.974
1583667840,+3.44,+19.783, +8.936,+0.975
1583667900,+3.44,+19.783, +8.947,+0.975
1583667960,+3.44,+19.766, +8.930,+0.974
1583668020,+3.44,+19.791, +8.915,+0.974
1583668080,+3.44,+19.783, +8.936,+0.975
1583668140,+3.44,+19.791, +8.929,+0.974
1583668200,+3.44,+19.783, +8.934,+0.974
1583668260,+3.44,+19.774, +8.942,+0.974
1583668320,+3.44,+19.766, +8.949,+0.974
1583668380,+3.44,+19.749, +8.937,+0.974
1583668440,+3.44,+19.783, +8.934,+0.974
1583668500,+3.44,+19.766, +8.945,+0.975
1583668560,+3.44,+19.732, +8.947,+0.974
1583668620,+3.44,+19.774, +8.932,+0.974
1583668680,+3.44,+19.741, +8.942,+0.974
1583668740,+3.44,+19.749, +8.944,+0.975
1583668800,+3.44,+19.774, +8.944,+0.975
1583668860,+3.44,+19.758, +8.929,+0.974
1583668920,+3.44,+19.758, +8.925,+0.974
1583668980,+3.44,+19.783, +8.938,+0.974
1583669040,+3.44,+19.766, +8.955,+0.975
1583669100,+3.44,+19.758, +8.932,+0.974
1583669160,+3.44,+19.758, +8.941,+0.975
1583669220,+3.44,+19.749, +8.928,+0.974
1583669280,+3.44,+19.766, +8.949,+0.974
1583669340,+3.44,+19.749, +8.925,+0.974
1583669400,+3.44,+19.766, +8.936,+0.975
1583669460,+3.44,+19.758, +8.937,+0.974
1583669520,+3.44,+19.758, +8.925,+0.974
1583669580,+3.44,+19.749, +8.930,+0.974
1583669640,+3.44,+19.758, +8.938,+0.974
1583669700,+3.44,+19.758, +8.931,+0.974
1583669760,+3.44,+19.766, +8.912,+0.974
1583669820,+3.44,+19.766, +8.934,+0.974
1583669880,+3.44,+19.758, +8.926,+0.974
1583669940,+3.44,+19.758, +8.949,+0.974
1583670000,+3.44,+19.758, +8.934,+0.975
1583670060,+3.44,+19.749, +8.954,+0.975
1583670120,+3.44,+19.749, +8.931,+0.974
1583670180,+3.44,+19.766, +8.914,+0.974
1583670240,+3.44,+19.749, +8.937,+0.974
1583670300,+3.44,+19.766, +8.950,+0.974
1583670360,+3.44,+19.766, +8.928,+0.974
1583670420,+3.44,+19.766, +8.924,+0.974
1583670480,+3.44,+19.766, +8.928,+0.974
1583670540,+3.44,+19.749, +8.923,+0.974
1583670600,+3.44,+19.741, +8.949,+0.974
1583670660,+3.44,+19.741, +8.917,+0.974
1583670720,+3.44,+19.758, +8.925,+0.975
1583670780,+3.44,+19.758, +8.939,+0.975
1583670840,+3.44,+19.749, +8.939,+0.974
1583670900,+3.44,+19.749, +8.931,+0.975
1583670960,+3.44,+19.766, +8.928,+0.974
1583671020,+3.44,+19.741, +8.940,+0.974
1583671080,+3.44,+19.724, +8.968,+0.975
1583671140,+3.44,+19.741, +8.954,+0.974
1583671200,+3.44,+19.749, +8.942,+0.974
1583671260,+3.44,+19.724, +8.958,+0.974
1583671320,+3.44,+19.732, +8.950,+0.975
1583671380,+3.44,+19.732, +8.951,+0.974
1583671440,+3.44,+19.741, +8.930,+0.974
1583671500,+3.44,+19.716, +8.951,+0.974
1583671560,+3.44,+19.724, +8.938,+0.974
1583671620,+3.44,+19.732, +8.937,+0.974
1583671680,+3.44,+19.707, +8.949,+0.974
1583671740,+3.44,+19.716, +8.934,+0.974
1583671800,+3.44,+19.707, +8.942,+0.974
1583671860,+3.44,+19.707, +8.954,+0.974
1583671920,+3.44,+19.707, +8.951,+0.974
1583671980,+3.44,+19.707, +8.957,+0.975
1583672040,+3.44,+19.707, +8.960,+0.974
1583672100,+3.44,+19.699, +8.952,+0.974
1583672160,+3.44,+19.716, +8.938,+0.974
1583672220,+3.44,+19.707, +8.954,+0.975
1583672280,+3.44,+19.716, +8.947,+0.974
1583672340,+3.44,+19.716, +8.937,+0.974
1583672400,+3.44,+19.699, +8.940,+0.974
1583672460,+3.44,+19.699, +8.942,+0.974
1583672520,+3.44,+19.724, +8.925,+0.974
1583672580,+3.44,+19.724, +8.961,+0.975
1583672640,+3.44,+19.724, +8.927,+0.975
1583672700,+3.44,+19.724, +8.947,+0.974
1583672760,+3.44,+19.724, +8.950,+0.974
1583672820,+3.44,+19.732, +8.932,+0.974
1583672880,+3.44,+19.724, +8.930,+0.975
1583672940,+3.44,+19.716, +8.930,+0.975
1583673000,+3.44,+19.716, +8.940,+0.974
1583673060,+3.44,+19.732, +8.945,+0.974
1583673120,+3.44,+19.732, +8.952,+0.974
1583673180,+3.44,+19.724, +8.936,+0.974
1583673240,+3.44,+19.716, +8.975,+0.975
1583673300,+3.44,+19.707, +8.957,+0.974
1583673360,+3.44,+19.707, +8.955,+0.975
1583673420,+3.44,+19.707, +8.930,+0.974
1583673480,+3.44,+19.716, +8.951,+0.974
1583673540,+3.44,+19.716, +8.945,+0.974
1583673600,+3.44,+19.716, +8.951,+0.975
1583673660,+3.44,+19.707, +8.970,+0.974
1583673720,+3.44,+19.707, +8.969,+0.974
1583673780,+3.44,+19.716, +8.979,+0.975
1583673840,+3.44,+19.707, +8.954,+0.974
1583673900,+3.44,+19.707, +8.968,+0.974
1583673960,+3.44,+19.699, +8.960,+0.974
1583674020,+3.44,+19.690, +8.960,+0.974
1583674080,+3.44,+19.707, +8.943,+0.974
1583674140,+3.44,+19.699, +8.946,+0.974
1583674200,+3.44,+19.707, +8.936,+0.974
1583674260,+3.44,+19.682, +8.955,+0.974
1583674320,+3.44,+19.707, +8.973,+0.974
1583674380,+3.44,+19.690, +8.960,+0.974
1583674440,+3.44,+19.682, +8.948,+0.974
1583674500,+3.44,+19.707, +8.968,+0.974
1583674560,+3.44,+19.699, +8.969,+0.974
1583674620,+3.44,+19.690, +8.938,+0.974
1583674680,+3.44,+19.682, +8.953,+0.974
1583674740,+3.44,+19.690, +8.945,+0.973
1583674800,+3.44,+19.690, +8.957,+0.974
1583674860,+3.44,+19.699, +8.958,+0.974
1583674920,+3.44,+19.674, +8.947,+0.974
1583674980,+3.44,+19.707, +8.968,+0.975
1583675040,+3.44,+19.690, +8.960,+0.974
1583675100,+3.44,+19.690, +8.966,+0.974
1583675160,+3.44,+19.690, +8.959,+0.974
1583675220,+3.44,+19.682, +8.980,+0.974
1583675280,+3.44,+19.682, +8.957,+0.974
1583675340,+3.44,+19.682, +8.948,+0.974
1583675400,+3.44,+19.699, +8.973,+0.974
1583675460,+3.44,+19.699, +8.968,+0.974
1583675520,+3.44,+19.699, +8.975,+0.975
1583675580,+3.44,+19.690, +8.970,+0.975
1583675640,+3.44,+19.699, +8.948,+0.974
1583675700,+3.44,+19.707, +8.931,+0.974
1583675760,+3.44,+19.707, +8.977,+0.975
1583675820,+3.44,+19.707, +8.972,+0.975
1583675880,+3.44,+19.716, +8.939,+0.974
1583675940,+3.44,+19.690, +8.968,+0.974
1583676000,+3.44,+19.716, +8.957,+0.974
1583676060,+3.44,+19.724, +8.948,+0.974
1583676120,+3.44,+19.707, +8.961,+0.974
1583676180,+3.44,+19.716, +8.947,+0.974
1583676240,+3.44,+19.707, +8.976,+0.974
1583676300,+3.44,+19.699, +8.936,+0.974
1583676360,+3.44,+19.716, +8.945,+0.974
1583676420,+3.44,+19.724, +8.941,+0.974
1583676480,+3.44,+19.707, +8.986,+0.974
1583676540,+3.44,+19.724, +8.987,+0.975
1583676600,+3.44,+19.724, +8.957,+0.975
1583676660,+3.44,+19.707, +8.970,+0.974
1583676720,+3.44,+19.716, +8.949,+0.974
1583676780,+3.44,+19.707, +8.959,+0.975
1583676840,+3.44,+19.699, +8.969,+0.975
1583676900,+3.44,+19.699, +8.939,+0.975
1583676960,+3.44,+19.707, +8.928,+0.974
1583677020,+3.44,+19.707, +8.939,+0.974
1583677080,+3.44,+19.707, +8.922,+0.974
1583677140,+3.44,+19.724, +8.914,+0.974
1583677200,+3.44,+19.724, +8.941,+0.974
1583677260,+3.44,+19.699, +8.971,+0.975
1583677320,+3.44,+19.707, +8.950,+0.975
1583677380,+3.44,+19.716, +8.948,+0.975
1583677440,+3.44,+19.716, +8.958,+0.974
1583677500,+3.44,+19.707, +8.945,+0.975
1583677560,+3.44,+19.716, +8.920,+0.974
1583677620,+3.44,+19.716, +8.971,+0.974
1583677680,+3.44,+19.724, +8.963,+0.975
1583677740,+3.44,+19.707, +8.926,+0.974
1583677800,+3.44,+19.707, +8.922,+0.974
1583677860,+3.44,+19.724, +8.923,+0.975
1583677920,+3.44,+19.732, +8.929,+0.975
1583677980,+3.44,+19.724, +8.930,+0.974
1583678040,+3.44,+19.732, +8.917,+0.974
1583678100,+3.44,+19.732, +8.923,+0.974
1583678160,+3.44,+19.732, +8.922,+0.974
1583678220,+3.44,+19.732, +8.943,+0.975
1583678280,+3.44,+19.732, +8.913,+0.974
1583678340,+3.44,+19.732, +8.944,+0.975
1583678400,+3.44,+19.749, +8.972,+0.974
1583678460,+3.44,+19.732, +8.941,+0.974
1583678520,+3.44,+19.741, +8.914,+0.974
1583678580,+3.44,+19.749, +8.913,+0.975
1583678640,+3.44,+19.758, +8.935,+0.975
1583678700,+3.44,+19.749, +8.931,+0.975
1583678760,+3.44,+19.749, +8.944,+0.975
1583678820,+3.44,+19.749, +8.930,+0.974
1583678880,+3.44,+19.749, +8.945,+0.974
1583678940,+3.44,+19.758, +8.944,+0.975
1583679000,+3.44,+19.758, +8.934,+0.974
1583679060,+3.44,+19.749, +8.947,+0.975
1583679120,+3.44,+19.766, +8.937,+0.974
1583679180,+3.44,+19.758, +8.953,+0.975
1583679240,+3.44,+19.741, +8.950,+0.975
1583679300,+3.44,+19.774, +8.917,+0.974
1583679360,+3.44,+19.766, +8.925,+0.974
1583679420,+3.44,+19.758, +8.952,+0.975
1583679480,+3.44,+19.783, +8.922,+0.974
1583679540,+3.44,+19.791, +8.901,+0.974
1583679600,+3.44,+19.791, +8.894,+0.975
1583679660,+3.44,+19.791, +8.911,+0.975
1583679720,+3.44,+19.799, +8.895,+0.974
1583679780,+3.44,+19.791, +8.898,+0.974
1583679840,+3.44,+19.816, +8.880,+0.974
1583679900,+3.44,+19.825, +8.883,+0.974
1583679960,+3.44,+19.833, +8.882,+0.974
1583680020,+3.44,+19.841, +8.910,+0.974
1583680080,+3.44,+19.850, +8.900,+0.975
1583680140,+3.44,+19.866, +8.867,+0.974
1583680200,+3.44,+19.866, +8.870,+0.975
1583680260,+3.43,+19.875, +8.879,+0.975
1583680320,+3.43,+19.892, +8.865,+0.974
1583680380,+3.43,+19.892, +8.868,+0.975
1583680440,+3.43,+19.900, +8.849,+0.974
1583680500,+3.43,+19.917, +8.851,+0.974
1583680560,+3.43,+19.925, +8.858,+0.975
1583680620,+3.43,+19.934, +8.852,+0.974
1583680680,+3.43,+19.934, +8.855,+0.974
1583680740,+3.43,+19.942, +8.855,+0.974
1583680800,+3.43,+19.967, +8.848,+0.975
1583680860,+3.44,+19.967, +8.833,+0.974
1583680920,+3.43,+19.975, +8.845,+0.974
1583680980,+3.43,+19.984, +8.902,+0.974
1583681040,+3.43,+20.001, +8.927,+0.974
1583681100,+3.43,+20.009, +8.954,+0.974
1583681160,+3.43,+20.001, +8.949,+0.974
1583681220,+3.44,+19.992, +8.975,+0.974
1583681280,+3.43,+19.975, +8.901,+0.973
1583681340,+3.43,+19.950, +9.004,+0.975
1583681400,+3.43,+19.967, +8.930,+0.974
1583681460,+3.43,+19.950, +8.996,+0.974
1583681520,+3.43,+19.925, +9.024,+0.974
1583681580,+3.43,+19.900, +9.030,+0.974
1583681640,+3.43,+19.892, +9.029,+0.974
1583681700,+3.43,+19.875, +9.043,+0.974
1583681760,+3.43,+19.850, +9.050,+0.974
1583681820,+3.44,+19.841, +9.046,+0.974
1583681880,+3.44,+19.833, +9.049,+0.974
1583681940,+3.44,+19.808, +9.051,+0.974
1583682000,+3.44,+19.808, +9.034,+0.973
1583682060,+3.44,+19.791, +9.064,+0.974
1583682120,+3.44,+19.774, +9.066,+0.974
1583682180,+3.44,+19.766, +9.071,+0.974
1583682240,+3.44,+19.758, +9.071,+0.974
1583682300,+3.44,+19.766, +9.053,+0.974
1583682360,+3.44,+19.766, +9.058,+0.974
1583682420,+3.44,+19.749, +9.076,+0.974
1583682480,+3.44,+19.774, +8.988,+0.974
1583682540,+3.44,+19.749, +9.067,+0.974
1583682600,+3.44,+19.766, +9.062,+0.974
1583682660,+3.44,+19.749, +9.061,+0.974
1583682720,+3.44,+19.741, +9.075,+0.974
1583682780,+3.44,+19.758, +9.059,+0.974
1583682840,+3.44,+19.766, +9.051,+0.974
1583682900,+3.44,+19.758, +9.068,+0.974
1583682960,+3.44,+19.758, +9.058,+0.974
1583683020,+3.44,+19.741, +9.032,+0.974
1583683080,+3.44,+19.758, +9.061,+0.974
1583683140,+3.44,+19.766, +9.057,+0.973
1583683200,+3.44,+19.758, +9.072,+0.975
1583683260,+3.44,+19.766, +9.030,+0.974
1583683320,+3.44,+19.766, +9.072,+0.975
1583683380,+3.44,+19.774, +9.055,+0.974
1583683440,+3.44,+19.749, +9.071,+0.974
1583683500,+3.44,+19.758, +9.041,+0.974
1583683560,+3.44,+19.758, +9.062,+0.974
1583683620,+3.44,+19.758, +9.059,+0.974
1583683680,+3.44,+19.758, +9.075,+0.974
1583683740,+3.44,+19.766, +9.002,+0.973
1583683800,+3.44,+19.774, +9.064,+0.974
1583683860,+3.44,+19.758, +9.058,+0.974
1583683920,+3.44,+19.749, +9.065,+0.974
1583683980,+3.44,+19.774, +9.054,+0.974
1583684040,+3.44,+19.766, +9.061,+0.974
1583684100,+3.44,+19.783, +9.063,+0.975
1583684160,+3.44,+19.766, +9.049,+0.974
1583684220,+3.44,+19.766, +9.063,+0.974
1583684280,+3.44,+19.783, +9.052,+0.973
1583684340,+3.44,+19.766, +9.044,+0.974
1583684400,+3.44,+19.766, +9.039,+0.974
1583684460,+3.44,+19.758, +9.028,+0.974
1583684520,+3.44,+19.774, +9.015,+0.974
1583684580,+3.44,+19.774, +9.020,+0.974
1583684640,+3.44,+19.766, +9.004,+0.973
1583684700,+3.44,+19.758, +9.081,+0.974
1583684760,+3.44,+19.766, +9.035,+0.973
1583684820,+3.44,+19.758, +9.048,+0.973
1583684880,+3.44,+19.749, +9.062,+0.974
1583684940,+3.44,+19.758, +9.067,+0.974
1583685000,+3.44,+19.766, +9.037,+0.974
1583685060,+3.44,+19.749, +9.059,+0.975
1583685120,+3.44,+19.766, +9.053,+0.974
1583685180,+3.44,+19.766, +9.063,+0.974
1583685240,+3.44,+19.766, +9.066,+0.974
1583685300,+3.44,+19.783, +9.071,+0.974
1583685360,+3.44,+19.791, +9.054,+0.974
1583685420,+3.44,+19.799, +9.056,+0.974
1583685480,+3.44,+19.783, +9.042,+0.973
1583685540,+3.44,+19.799, +9.054,+0.974
1583685600,+3.44,+19.799, +9.045,+0.974
1583685660,+3.44,+19.816, +9.062,+0.974
1583685720,+3.44,+19.825, +9.051,+0.974
1583685780,+3.44,+19.816, +9.062,+0.974
1583685840,+3.44,+19.825, +9.049,+0.974
1583685900,+3.44,+19.841, +9.044,+0.974
1583685960,+3.43,+19.833, +9.063,+0.974
1583686020,+3.44,+19.833, +9.047,+0.974
1583686080,+3.43,+19.833, +9.057,+0.974
1583686140,+3.44,+19.841, +9.032,+0.974
1583686200,+3.44,+19.858, +8.985,+0.974
1583686260,+3.44,+19.833, +9.044,+0.974
1583686320,+3.44,+19.825, +9.061,+0.974
1583686380,+3.44,+19.833, +9.044,+0.974
1583686440,+3.44,+19.825, +9.046,+0.974
1583686500,+3.44,+19.825, +9.048,+0.974
1583686560,+3.44,+19.816, +9.036,+0.974
1583686620,+3.44,+19.841, +9.047,+0.973
1583686680,+3.44,+19.825, +9.059,+0.974
1583686740,+3.44,+19.825, +9.065,+0.974
1583686800,+3.44,+19.833, +9.056,+0.974
1583686860,+3.44,+19.825, +9.059,+0.974
1583686920,+3.44,+19.841, +9.027,+0.973
1583686980,+3.44,+19.850, +9.028,+0.973
1583687040,+3.44,+19.833, +9.057,+0.974
1583687100,+3.44,+19.841, +9.057,+0.974
1583687160,+3.44,+19.850, +9.053,+0.974
1583687220,+3.44,+19.833, +9.063,+0.974
1583687280,+3.44,+19.858, +9.048,+0.974
1583687340,+3.44,+19.833, +9.039,+0.974
1583687400,+3.44,+19.850, +9.030,+0.974
1583687460,+3.44,+19.858, +9.031,+0.974
1583687520,+3.44,+19.858, +9.030,+0.974
1583687580,+3.43,+19.875, +9.030,+0.974
1583687640,+3.43,+19.875, +9.038,+0.975
1583687700,+3.44,+19.866, +9.031,+0.974
1583687760,+3.44,+19.900, +9.027,+0.974
1583687820,+3.44,+19.900, +9.023,+0.974
1583687880,+3.43,+19.892, +9.026,+0.975
1583687940,+3.43,+19.883, +9.022,+0.973
1583688000,+3.43,+19.900, +9.020,+0.974
1583688060,+3.44,+19.917, +9.027,+0.974
1583688120,+3.44,+19.959, +8.996,+0.974
1583688180,+3.43,+19.942, +8.979,+0.974
1583688240,+3.43,+19.975, +8.994,+0.974
1583688300,+3.43,+19.975, +9.005,+0.974
1583688360,+3.43,+19.959, +8.994,+0.974
1583688420,+3.43,+19.984, +9.003,+0.974
1583688480,+3.43,+20.001, +9.015,+0.974
1583688540,+3.43,+20.017, +8.978,+0.974
1583688600,+3.44,+20.051, +8.990,+0.974
1583688660,+3.44,+20.051, +8.986,+0.974
1583688720,+3.44,+20.068, +8.987,+0.974
1583688780,+3.44,+20.068, +8.989,+0.974
1583688840,+3.44,+20.084, +8.974,+0.974
1583688900,+3.44,+20.093, +8.977,+0.974
1583688960,+3.44,+20.118, +8.965,+0.974
1583689020,+3.44,+20.109, +8.952,+0.974
1583689080,+3.44,+20.118, +8.965,+0.974
1583689140,+3.44,+20.126, +8.971,+0.974
1583689200,+3.44,+20.151, +8.958,+0.974
1583689260,+3.44,+20.151, +8.958,+0.974
1583689320,+3.44,+20.160, +8.957,+0.974
1583689380,+3.44,+20.176, +8.955,+0.974
1583689440,+3.44,+20.202, +8.951,+0.975
1583689500,+3.44,+20.202, +8.961,+0.975
1583689560,+3.44,+20.218, +8.943,+0.974
1583689620,+3.44,+20.218, +8.955,+0.975
1583689680,+3.44,+20.235, +8.958,+0.975
1583689740,+3.44,+20.235, +8.942,+0.974
1583689800,+3.44,+20.243, +8.951,+0.974
1583689860,+3.44,+20.243, +8.937,+0.974
1583689920,+3.44,+20.243, +8.942,+0.974
1583689980,+3.44,+20.260, +8.937,+0.973
1583690040,+3.44,+20.269, +8.959,+0.975
1583690100,+3.44,+20.277, +8.960,+0.974
1583690160,+3.44,+20.277, +8.953,+0.975
1583690220,+3.44,+20.294, +8.930,+0.974
1583690280,+3.44,+20.302, +8.943,+0.975
1583690340,+3.44,+20.294, +8.938,+0.974
1583690400,+3.44,+20.310, +8.922,+0.973
1583690460,+3.44,+20.319, +8.923,+0.974
1583690520,+3.44,+20.310, +8.936,+0.974
1583690580,+3.44,+20.336, +8.928,+0.974
1583690640,+3.44,+20.344, +8.923,+0.974
1583690700,+3.44,+20.344, +8.927,+0.974
1583690760,+3.44,+20.336, +8.926,+0.974
1583690820,+3.44,+20.352, +8.924,+0.974
1583690880,+3.44,+20.361, +8.918,+0.974
1583690940,+3.44,+20.369, +8.921,+0.974
1583691000,+3.44,+20.377, +8.929,+0.975
1583691060,+3.44,+20.386, +8.915,+0.974
1583691120,+3.44,+20.394, +8.926,+0.975
1583691180,+3.44,+20.402, +8.935,+0.975
1583691240,+3.44,+20.419, +8.906,+0.974
1583691300,+3.44,+20.444, +8.901,+0.974
1583691360,+3.44,+20.436, +8.901,+0.974
1583691420,+3.44,+20.469, +8.891,+0.974
1583691480,+3.44,+20.486, +8.892,+0.974
1583691540,+3.44,+20.495, +8.886,+0.974
1583691600,+3.44,+20.478, +8.886,+0.973
1583691660,+3.44,+20.511, +8.887,+0.974
1583691720,+3.44,+20.511, +8.895,+0.974
1583691780,+3.44,+20.520, +8.877,+0.973
1583691840,+3.44,+20.528, +8.889,+0.974
1583691900,+3.44,+20.570, +8.878,+0.974
1583691960,+3.44,+20.562, +8.890,+0.974
1583692020,+3.44,+20.570, +8.898,+0.975
1583692080,+3.44,+20.587, +8.889,+0.975
1583692140,+3.44,+20.587, +8.878,+0.974
1583692200,+3.44,+20.603, +8.888,+0.975
1583692260,+3.44,+20.595, +8.891,+0.975
1583692320,+3.44,+20.612, +8.895,+0.975
1583692380,+3.44,+20.612, +8.894,+0.975
1583692440,+3.44,+20.628, +8.905,+0.975
1583692500,+3.44,+20.645, +8.890,+0.975
1583692560,+3.44,+20.645, +8.870,+0.974
1583692620,+3.44,+20.654, +8.923,+0.975
1583692680,+3.44,+20.654, +8.905,+0.975
1583692740,+3.44,+20.670, +8.900,+0.975
1583692800,+3.44,+20.662, +8.865,+0.974
1583692860,+3.44,+20.670, +8.899,+0.974
1583692920,+3.44,+20.679, +8.903,+0.975
1583692980,+3.44,+20.695, +8.894,+0.974
1583693040,+3.44,+20.704, +8.894,+0.974
1583693100,+3.44,+20.712, +8.898,+0.975
1583693160,+3.44,+20.687, +8.894,+0.974
1583693220,+3.44,+20.729, +8.884,+0.974
1583693280,+3.44,+20.721, +8.890,+0.974
1583693340,+3.44,+20.712, +8.889,+0.974
1583693400,+3.44,+20.771, +8.873,+0.974
1583693460,+3.44,+20.746, +8.888,+0.974
1583693520,+3.44,+20.771, +8.880,+0.974
1583693580,+3.43,+20.796, +8.864,+0.974
1583693640,+3.44,+20.779, +8.892,+0.974
1583693700,+3.44,+20.796, +8.892,+0.974
1583693760,+3.44,+20.796, +8.888,+0.975
1583693820,+3.43,+20.829, +8.870,+0.974
1583693880,+3.43,+20.829, +8.862,+0.974
1583693940,+3.43,+20.846, +8.873,+0.974
1583694000,+3.43,+20.863, +8.863,+0.974
1583694060,+3.43,+20.871, +8.868,+0.975
1583694120,+3.43,+20.888, +8.863,+0.974
1583694180,+3.43,+20.896, +8.874,+0.975
1583694240,+3.43,+20.896, +8.861,+0.974
1583694300,+3.43,+20.913, +8.847,+0.974
1583694360,+3.43,+20.905, +8.867,+0.974
1583694420,+3.43,+20.930, +8.862,+0.974
1583694480,+3.43,+20.930, +8.872,+0.975
1583694540,+3.43,+20.938, +8.855,+0.974
1583694600,+3.43,+20.955, +8.854,+0.975
1583694660,+3.43,+20.938, +8.853,+0.974
1583694720,+3.43,+20.955, +8.851,+0.974
1583694780,+3.43,+20.938, +8.856,+0.975
1583694840,+3.43,+20.955, +8.842,+0.974
1583694900,+3.43,+20.955, +8.854,+0.974
1583694960,+3.43,+20.963, +8.858,+0.974
1583695020,+3.43,+20.988, +8.840,+0.975
1583695080,+3.43,+20.980, +8.856,+0.975
1583695140,+3.43,+21.005, +8.860,+0.975
1583695200,+3.43,+20.980, +8.849,+0.974
1583695260,+3.43,+20.988, +8.841,+0.974
1583695320,+3.43,+21.005, +8.831,+0.975
1583695380,+3.43,+21.005, +8.851,+0.975
1583695440,+3.43,+21.030, +8.849,+0.974
1583695500,+3.43,+21.005, +8.885,+0.975
1583695560,+3.43,+21.013, +8.868,+0.974
1583695620,+3.43,+21.005, +8.886,+0.974
1583695680,+3.43,+20.997, +8.825,+0.974
1583695740,+3.43,+21.005, +8.861,+0.974
1583695800,+3.43,+21.013, +8.870,+0.974
1583695860,+3.43,+21.022, +8.869,+0.974
1583695920,+3.43,+21.005, +8.851,+0.973
1583695980,+3.43,+20.971, +8.854,+0.974
1583696040,+3.43,+20.988, +8.872,+0.974
1583696100,+3.43,+20.963, +8.887,+0.974
1583696160,+3.43,+20.971, +8.906,+0.975
1583696220,+3.43,+20.946, +8.890,+0.974
1583696280,+3.43,+20.946, +8.894,+0.974
1583696340,+3.43,+20.930, +8.849,+0.974
1583696400,+3.43,+20.938, +8.874,+0.975
1583696460,+3.44,+20.930, +8.892,+0.976
1583696520,+3.43,+20.930, +8.908,+0.975
