7450-735719
OS REV: 1.05 Sensor Cal: 1573748658
Time (sec),  BV (Volts),  T (deg C),  DO (mg/l),  Q ()
1583533200,+3.44,+24.034, +8.364,+0.978
1583533260,+3.45,+24.403, +8.260,+0.977
1583533320,+3.45,+24.739, +8.200,+0.977
1583533380,+3.44,+25.008, +8.156,+0.977
1583533440,+3.44,+25.185, +8.119,+0.977
1583533500,+3.44,+25.336, +8.089,+0.977
1583533560,+3.44,+25.437, +8.052,+0.976
1583533620,+3.45,+25.505, +8.048,+0.977
1583533680,+3.45,+25.479, +8.045,+0.977
1583533740,+3.44,+25.404, +8.059,+0.977
1583533800,+3.44,+25.277, +8.077,+0.977
1583533860,+3.44,+25.134, +8.106,+0.977
1583533920,+3.45,+24.958, +8.133,+0.977
1583533980,+3.45,+24.857, +8.152,+0.977
1583534040,+3.45,+24.731, +8.177,+0.977
1583534100,+3.45,+24.588, +8.206,+0.977
1583534160,+3.45,+24.395, +8.239,+0.977
1583534220,+3.44,+24.194, +8.342,+0.977
1583534280,+3.45,+23.900, +8.529,+0.977
1583534340,+3.45,+23.448, +8.663,+0.977
1583534400,+3.45,+22.962, +8.926,+0.977
1583534460,+3.45,+22.485, +9.186,+0.977
1583534520,+3.45,+22.017,+10.431,+0.977
1583534580,+3.45,+21.523,+11.184,+0.978
1583534640,+3.45,+21.047,+11.964,+0.978
1583534700,+3.45,+20.587,+12.414,+0.976
1583534760,+3.45,+20.151,+12.770,+0.977
1583534820,+3.45,+18.868,+10.094,+0.972
1583534880,+3.46,+18.018, +9.949,+0.972
1583534940,+3.45,+17.536,+10.046,+0.973
1583535000,+3.46,+17.232,+10.219,+0.973
1583535060,+3.46,+17.071,+10.241,+0.974
1583535120,+3.46,+16.960,+10.283,+0.974
1583535180,+3.46,+16.884,+10.324,+0.975
1583535240,+3.46,+16.833,+10.322,+0.974
1583535300,+3.45,+16.791,+10.383,+0.975
1583535360,+3.45,+16.757,+10.422,+0.976
1583535420,+3.45,+16.765,+10.394,+0.976
1583535480,+3.45,+16.740,+10.392,+0.976
1583535540,+3.45,+16.748,+10.378,+0.977
1583535600,+3.45,+16.748,+10.374,+0.976
1583535660,+3.45,+16.757,+10.371,+0.976
1583535720,+3.45,+16.748,+10.428,+0.977
1583535780,+3.45,+16.748,+10.413,+0.976
1583535840,+3.45,+16.774,+10.412,+0.977
1583535900,+3.45,+16.748,+10.445,+0.977
1583535960,+3.45,+16.748,+10.487,+0.977
1583536020,+3.45,+16.774,+10.524,+0.978
1583536080,+3.45,+16.748,+10.541,+0.978
1583536140,+3.45,+16.757,+10.547,+0.977
1583536200,+3.45,+16.765,+10.541,+0.977
1583536260,+3.45,+16.765,+10.560,+0.977
1583536320,+3.45,+16.757,+10.574,+0.977
1583536380,+3.45,+16.765,+10.567,+0.977
1583536440,+3.45,+16.791,+10.536,+0.978
1583536500,+3.45,+16.782,+10.526,+0.978
1583536560,+3.45,+16.782,+10.497,+0.978
1583536620,+3.45,+16.782,+10.447,+0.977
1583536680,+3.45,+16.774,+10.429,+0.977
1583536740,+3.45,+16.782,+10.407,+0.978
1583536800,+3.45,+16.782,+10.408,+0.978
1583536860,+3.45,+16.782,+10.408,+0.977
1583536920,+3.45,+16.765,+10.448,+0.978
1583536980,+3.45,+16.757,+10.473,+0.978
1583537040,+3.45,+16.765,+10.476,+0.978
1583537100,+3.45,+16.782,+10.443,+0.977
1583537160,+3.45,+16.765,+10.423,+0.977
1583537220,+3.45,+16.774,+10.415,+0.977
1583537280,+3.45,+16.765,+10.424,+0.978
1583537340,+3.45,+16.782,+10.400,+0.977
1583537400,+3.45,+16.774,+10.404,+0.977
1583537460,+3.45,+16.791,+10.422,+0.978
1583537520,+3.45,+16.791,+10.415,+0.978
1583537580,+3.45,+16.782,+10.419,+0.979
1583537640,+3.45,+16.782,+10.409,+0.978
1583537700,+3.45,+16.774,+10.403,+0.977
1583537760,+3.45,+16.791,+10.407,+0.977
1583537820,+3.45,+16.791,+10.399,+0.978
1583537880,+3.45,+16.774,+10.392,+0.978
1583537940,+3.45,+16.791,+10.369,+0.978
1583538000,+3.45,+16.825,+10.370,+0.978
1583538060,+3.45,+16.816,+10.363,+0.978
1583538120,+3.45,+16.825,+10.312,+0.977
1583538180,+3.45,+16.825,+10.292,+0.978
1583538240,+3.45,+16.833,+10.263,+0.978
1583538300,+3.45,+16.833,+10.270,+0.978
1583538360,+3.45,+16.842,+10.263,+0.978
1583538420,+3.45,+16.850,+10.266,+0.978
1583538480,+3.45,+16.842,+10.265,+0.978
1583538540,+3.45,+16.859,+10.249,+0.978
1583538600,+3.45,+16.867,+10.219,+0.978
1583538660,+3.45,+16.842,+10.231,+0.978
1583538720,+3.45,+16.842,+10.221,+0.978
1583538780,+3.45,+16.842,+10.217,+0.978
1583538840,+3.45,+16.842,+10.214,+0.978
1583538900,+3.45,+16.816,+10.235,+0.978
1583538960,+3.45,+16.833,+10.219,+0.978
1583539020,+3.45,+16.833,+10.223,+0.978
1583539080,+3.45,+16.808,+10.251,+0.978
1583539140,+3.45,+16.765,+10.269,+0.977
1583539200,+3.45,+16.757,+10.271,+0.978
1583539260,+3.45,+16.740,+10.243,+0.977
1583539320,+3.45,+16.706,+10.279,+0.978
1583539380,+3.45,+16.689,+10.285,+0.979
1583539440,+3.45,+16.680,+10.273,+0.978
1583539500,+3.45,+16.663,+10.274,+0.978
1583539560,+3.45,+16.663,+10.258,+0.978
1583539620,+3.45,+16.655,+10.268,+0.978
1583539680,+3.45,+16.663,+10.243,+0.978
1583539740,+3.45,+16.646,+10.252,+0.979
1583539800,+3.45,+16.638,+10.242,+0.978
1583539860,+3.45,+16.638,+10.235,+0.978
1583539920,+3.45,+16.629,+10.251,+0.979
1583539980,+3.45,+16.612,+10.231,+0.978
1583540040,+3.45,+16.621,+10.226,+0.979
1583540100,+3.45,+16.621,+10.212,+0.978
1583540160,+3.45,+16.604,+10.215,+0.978
1583540220,+3.45,+16.621,+10.225,+0.978
1583540280,+3.45,+16.595,+10.246,+0.979
1583540340,+3.45,+16.621,+10.241,+0.979
1583540400,+3.45,+16.587,+10.242,+0.978
1583540460,+3.45,+16.621,+10.226,+0.978
1583540520,+3.45,+16.595,+10.219,+0.978
1583540580,+3.45,+16.595,+10.228,+0.979
1583540640,+3.45,+16.604,+10.217,+0.978
1583540700,+3.45,+16.595,+10.215,+0.978
1583540760,+3.45,+16.612,+10.217,+0.979
1583540820,+3.45,+16.604,+10.213,+0.978
1583540880,+3.45,+16.621,+10.207,+0.978
1583540940,+3.45,+16.604,+10.219,+0.978
1583541000,+3.45,+16.595,+10.212,+0.978
1583541060,+3.45,+16.612,+10.209,+0.978
1583541120,+3.45,+16.604,+10.207,+0.978
1583541180,+3.45,+16.612,+10.201,+0.978
1583541240,+3.45,+16.604,+10.199,+0.978
1583541300,+3.44,+16.621,+10.191,+0.978
1583541360,+3.44,+16.604,+10.202,+0.978
1583541420,+3.44,+16.621,+10.202,+0.979
1583541480,+3.44,+16.604,+10.193,+0.978
1583541540,+3.44,+16.595,+10.208,+0.979
1583541600,+3.44,+16.612,+10.195,+0.978
1583541660,+3.44,+16.612,+10.187,+0.979
1583541720,+3.44,+16.604,+10.192,+0.979
1583541780,+3.44,+16.612,+10.195,+0.979
1583541840,+3.44,+16.595,+10.184,+0.978
1583541900,+3.44,+16.595,+10.181,+0.979
1583541960,+3.44,+16.595,+10.169,+0.978
1583542020,+3.44,+16.595,+10.167,+0.979
1583542080,+3.44,+16.578,+10.154,+0.978
1583542140,+3.44,+16.570,+10.146,+0.978
1583542200,+3.44,+16.561,+10.162,+0.978
1583542260,+3.44,+16.561,+10.180,+0.978
1583542320,+3.44,+16.536,+10.204,+0.979
1583542380,+3.44,+16.544,+10.210,+0.978
1583542440,+3.44,+16.527,+10.215,+0.978
1583542500,+3.44,+16.502,+10.225,+0.978
1583542560,+3.44,+16.502,+10.234,+0.978
1583542620,+3.44,+16.493,+10.247,+0.978
1583542680,+3.44,+16.476,+10.269,+0.979
1583542740,+3.44,+16.485,+10.275,+0.978
1583542800,+3.44,+16.485,+10.263,+0.978
1583542860,+3.44,+16.468,+10.252,+0.978
1583542920,+3.44,+16.451,+10.235,+0.978
1583542980,+3.44,+16.433,+10.163,+0.977
1583543040,+3.45,+16.382,+10.146,+0.978
1583543100,+3.45,+16.348,+10.130,+0.978
1583543160,+3.45,+16.323,+10.114,+0.978
1583543220,+3.45,+16.306,+10.101,+0.978
1583543280,+3.45,+16.289,+10.080,+0.978
1583543340,+3.45,+16.255,+10.073,+0.978
1583543400,+3.45,+16.238,+10.068,+0.978
1583543460,+3.45,+16.229,+10.054,+0.978
1583543520,+3.45,+16.195,+10.056,+0.978
1583543580,+3.45,+16.203,+10.030,+0.978
1583543640,+3.45,+16.178,+10.044,+0.978
1583543700,+3.45,+16.178,+10.009,+0.978
1583543760,+3.45,+16.152,+10.038,+0.978
1583543820,+3.45,+16.152,+10.027,+0.978
1583543880,+3.45,+16.127,+10.036,+0.978
1583543940,+3.45,+16.110,+10.045,+0.978
1583544000,+3.45,+16.110,+10.035,+0.978
1583544060,+3.45,+16.118,+10.022,+0.978
1583544120,+3.45,+16.110,+10.025,+0.978
1583544180,+3.45,+16.101,+10.022,+0.978
1583544240,+3.45,+16.110,+10.007,+0.978
1583544300,+3.45,+16.084,+10.018,+0.978
1583544360,+3.45,+16.093,+10.010,+0.979
1583544420,+3.45,+16.084, +9.992,+0.978
1583544480,+3.45,+16.084, +9.999,+0.978
1583544540,+3.45,+16.075, +9.991,+0.978
1583544600,+3.45,+16.067, +9.983,+0.978
1583544660,+3.45,+16.075, +9.987,+0.978
1583544720,+3.45,+16.075, +9.970,+0.978
1583544780,+3.45,+16.067, +9.961,+0.978
1583544840,+3.45,+16.058, +9.978,+0.979
1583544900,+3.45,+16.058, +9.967,+0.978
1583544960,+3.45,+16.050, +9.991,+0.978
1583545020,+3.45,+16.075, +9.971,+0.978
1583545080,+3.45,+16.058, +9.985,+0.978
1583545140,+3.45,+16.058, +9.975,+0.978
1583545200,+3.45,+16.075, +9.967,+0.979
1583545260,+3.45,+16.067, +9.958,+0.978
1583545320,+3.45,+16.084, +9.984,+0.978
1583545380,+3.44,+16.093,+10.006,+0.979
1583545440,+3.45,+16.067,+10.014,+0.979
1583545500,+3.45,+16.075, +9.999,+0.979
1583545560,+3.45,+16.075, +9.977,+0.978
1583545620,+3.44,+16.084, +9.977,+0.979
1583545680,+3.44,+16.084, +9.958,+0.978
1583545740,+3.44,+16.075, +9.953,+0.978
1583545800,+3.45,+16.067, +9.936,+0.978
1583545860,+3.44,+16.058, +9.932,+0.978
1583545920,+3.45,+16.067, +9.942,+0.979
1583545980,+3.44,+16.067, +9.960,+0.978
1583546040,+3.44,+16.067, +9.968,+0.978
1583546100,+3.44,+16.058, +9.970,+0.978
1583546160,+3.44,+16.050, +9.962,+0.978
1583546220,+3.44,+16.075, +9.965,+0.978
1583546280,+3.44,+16.067, +9.972,+0.979
1583546340,+3.44,+16.067, +9.962,+0.978
1583546400,+3.44,+16.058, +9.947,+0.978
1583546460,+3.44,+16.067, +9.931,+0.978
1583546520,+3.44,+16.067, +9.928,+0.978
1583546580,+3.44,+16.075, +9.927,+0.979
1583546640,+3.44,+16.067, +9.918,+0.979
1583546700,+3.44,+16.067, +9.916,+0.979
1583546760,+3.44,+16.067, +9.902,+0.978
1583546820,+3.44,+16.058, +9.902,+0.978
1583546880,+3.44,+16.058, +9.893,+0.978
1583546940,+3.44,+16.067, +9.879,+0.978
1583547000,+3.44,+16.050, +9.873,+0.978
1583547060,+3.44,+16.058, +9.885,+0.978
1583547120,+3.44,+16.058, +9.898,+0.978
1583547180,+3.44,+16.058, +9.921,+0.979
1583547240,+3.44,+16.075, +9.922,+0.979
1583547300,+3.44,+16.075, +9.940,+0.979
1583547360,+3.44,+16.058, +9.933,+0.978
1583547420,+3.44,+16.075, +9.928,+0.979
1583547480,+3.44,+16.084, +9.897,+0.978
1583547540,+3.44,+16.067, +9.911,+0.978
1583547600,+3.44,+16.075, +9.920,+0.979
1583547660,+3.44,+16.093, +9.926,+0.978
1583547720,+3.44,+16.084, +9.925,+0.978
1583547780,+3.44,+16.101, +9.903,+0.978
1583547840,+3.44,+16.093, +9.877,+0.978
1583547900,+3.44,+16.084, +9.840,+0.978
1583547960,+3.44,+16.093, +9.797,+0.978
1583548020,+3.44,+16.101, +9.771,+0.978
1583548080,+3.44,+16.127, +9.736,+0.978
1583548140,+3.44,+16.118, +9.712,+0.978
1583548200,+3.44,+16.127, +9.690,+0.978
1583548260,+3.44,+16.135, +9.694,+0.978
1583548320,+3.44,+16.135, +9.718,+0.978
1583548380,+3.44,+16.152, +9.691,+0.978
1583548440,+3.44,+16.152, +9.670,+0.978
1583548500,+3.44,+16.144, +9.652,+0.978
1583548560,+3.44,+16.135, +9.666,+0.978
1583548620,+3.44,+16.144, +9.680,+0.979
1583548680,+3.44,+16.144, +9.705,+0.978
1583548740,+3.44,+16.118, +9.726,+0.978
1583548800,+3.44,+16.093, +9.768,+0.978
1583548860,+3.44,+16.101, +9.774,+0.979
1583548920,+3.44,+16.084, +9.783,+0.978
1583548980,+3.44,+16.093, +9.782,+0.978
1583549040,+3.44,+16.084, +9.782,+0.978
1583549100,+3.44,+16.067, +9.779,+0.978
1583549160,+3.44,+16.075, +9.776,+0.978
1583549220,+3.44,+16.050, +9.773,+0.977
1583549280,+3.44,+16.067, +9.791,+0.978
1583549340,+3.44,+16.075, +9.788,+0.978
1583549400,+3.44,+16.067, +9.785,+0.978
1583549460,+3.44,+16.075, +9.788,+0.978
1583549520,+3.44,+16.067, +9.800,+0.978
1583549580,+3.44,+16.093, +9.812,+0.979
1583549640,+3.44,+16.101, +9.793,+0.978
1583549700,+3.44,+16.101, +9.770,+0.978
1583549760,+3.44,+16.101, +9.763,+0.978
1583549820,+3.44,+16.101, +9.752,+0.978
1583549880,+3.44,+16.101, +9.753,+0.979
1583549940,+3.44,+16.127, +9.741,+0.978
1583550000,+3.44,+16.118, +9.756,+0.979
1583550060,+3.44,+16.118, +9.745,+0.978
1583550120,+3.44,+16.127, +9.733,+0.978
1583550180,+3.44,+16.118, +9.744,+0.979
1583550240,+3.44,+16.118, +9.747,+0.979
1583550300,+3.44,+16.127, +9.727,+0.978
1583550360,+3.44,+16.127, +9.711,+0.978
1583550420,+3.44,+16.118, +9.703,+0.978
1583550480,+3.44,+16.135, +9.694,+0.978
1583550540,+3.44,+16.135, +9.743,+0.978
1583550600,+3.44,+16.161, +9.735,+0.978
1583550660,+3.44,+16.152, +9.724,+0.978
1583550720,+3.44,+16.169, +9.711,+0.978
1583550780,+3.44,+16.178, +9.711,+0.978
1583550840,+3.44,+16.169, +9.730,+0.978
1583550900,+3.44,+16.152, +9.761,+0.978
1583550960,+3.44,+16.169, +9.736,+0.978
1583551020,+3.44,+16.186, +9.755,+0.978
1583551080,+3.44,+16.186, +9.734,+0.978
1583551140,+3.44,+16.195, +9.708,+0.978
1583551200,+3.44,+16.195, +9.730,+0.978
1583551260,+3.44,+16.203, +9.700,+0.978
1583551320,+3.44,+16.212, +9.705,+0.978
1583551380,+3.44,+16.220, +9.697,+0.978
1583551440,+3.44,+16.229, +9.706,+0.978
1583551500,+3.44,+16.220, +9.688,+0.978
1583551560,+3.44,+16.229, +9.673,+0.978
1583551620,+3.44,+16.203, +9.643,+0.978
1583551680,+3.44,+16.203, +9.679,+0.979
1583551740,+3.44,+16.212, +9.701,+0.978
1583551800,+3.44,+16.220, +9.722,+0.978
1583551860,+3.44,+16.203, +9.721,+0.978
1583551920,+3.44,+16.220, +9.717,+0.978
1583551980,+3.44,+16.229, +9.716,+0.978
1583552040,+3.44,+16.220, +9.729,+0.978
1583552100,+3.44,+16.238, +9.684,+0.978
1583552160,+3.44,+16.263, +9.648,+0.978
1583552220,+3.44,+16.229, +9.606,+0.978
1583552280,+3.44,+16.246, +9.548,+0.978
1583552340,+3.44,+16.272, +9.578,+0.978
1583552400,+3.44,+16.272, +9.578,+0.978
1583552460,+3.44,+16.289, +9.554,+0.978
1583552520,+3.44,+16.297, +9.556,+0.978
1583552580,+3.44,+16.272, +9.559,+0.979
1583552640,+3.44,+16.263, +9.533,+0.978
1583552700,+3.44,+16.255, +9.566,+0.978
1583552760,+3.44,+16.220, +9.603,+0.978
1583552820,+3.44,+16.238, +9.668,+0.978
1583552880,+3.44,+16.229, +9.683,+0.979
1583552940,+3.44,+16.238, +9.660,+0.978
1583553000,+3.44,+16.246, +9.677,+0.978
1583553060,+3.44,+16.246, +9.708,+0.979
1583553120,+3.44,+16.238, +9.701,+0.978
1583553180,+3.44,+16.229, +9.664,+0.978
1583553240,+3.44,+16.220, +9.683,+0.978
1583553300,+3.44,+16.220, +9.643,+0.978
1583553360,+3.44,+16.229, +9.627,+0.978
1583553420,+3.44,+16.238, +9.664,+0.978
1583553480,+3.44,+16.220, +9.670,+0.978
1583553540,+3.44,+16.220, +9.679,+0.978
1583553600,+3.44,+16.229, +9.651,+0.978
1583553660,+3.44,+16.220, +9.643,+0.978
1583553720,+3.44,+16.229, +9.619,+0.978
1583553780,+3.44,+16.238, +9.593,+0.977
1583553840,+3.44,+16.220, +9.601,+0.978
1583553900,+3.44,+16.229, +9.593,+0.977
1583553960,+3.44,+16.238, +9.600,+0.978
1583554020,+3.44,+16.229, +9.659,+0.978
1583554080,+3.44,+16.229, +9.650,+0.978
1583554140,+3.44,+16.238, +9.724,+0.978
1583554200,+3.44,+16.238, +9.728,+0.978
1583554260,+3.44,+16.238, +9.649,+0.978
1583554320,+3.44,+16.229, +9.612,+0.978
1583554380,+3.44,+16.212, +9.597,+0.978
1583554440,+3.44,+16.238, +9.597,+0.978
1583554500,+3.44,+16.212, +9.621,+0.978
1583554560,+3.44,+16.229, +9.656,+0.978
1583554620,+3.44,+16.246, +9.670,+0.978
1583554680,+3.44,+16.238, +9.678,+0.979
1583554740,+3.44,+16.220, +9.671,+0.978
1583554800,+3.44,+16.246, +9.671,+0.978
1583554860,+3.44,+16.238, +9.679,+0.978
1583554920,+3.44,+16.220, +9.685,+0.978
1583554980,+3.44,+16.238, +9.719,+0.978
1583555040,+3.44,+16.229, +9.718,+0.978
1583555100,+3.44,+16.246, +9.698,+0.978
1583555160,+3.44,+16.238, +9.684,+0.978
1583555220,+3.44,+16.238, +9.688,+0.978
1583555280,+3.44,+16.238, +9.685,+0.978
1583555340,+3.44,+16.246, +9.677,+0.977
1583555400,+3.44,+16.229, +9.714,+0.978
1583555460,+3.44,+16.246, +9.737,+0.979
1583555520,+3.44,+16.229, +9.766,+0.978
1583555580,+3.44,+16.238, +9.790,+0.978
1583555640,+3.44,+16.246, +9.795,+0.979
1583555700,+3.44,+16.246, +9.761,+0.978
1583555760,+3.44,+16.229, +9.750,+0.978
1583555820,+3.44,+16.255, +9.729,+0.978
1583555880,+3.44,+16.229, +9.731,+0.978
1583555940,+3.44,+16.246, +9.715,+0.978
1583556000,+3.44,+16.255, +9.698,+0.978
1583556060,+3.44,+16.229, +9.701,+0.978
1583556120,+3.44,+16.229, +9.697,+0.978
1583556180,+3.44,+16.229, +9.705,+0.978
1583556240,+3.44,+16.238, +9.693,+0.978
1583556300,+3.44,+16.220, +9.698,+0.978
1583556360,+3.44,+16.220, +9.695,+0.978
1583556420,+3.44,+16.229, +9.707,+0.979
1583556480,+3.44,+16.229, +9.719,+0.978
1583556540,+3.44,+16.220, +9.734,+0.978
1583556600,+3.44,+16.246, +9.769,+0.978
1583556660,+3.44,+16.246, +9.781,+0.978
1583556720,+3.44,+16.229, +9.817,+0.978
1583556780,+3.44,+16.229, +9.837,+0.978
1583556840,+3.44,+16.229, +9.810,+0.978
1583556900,+3.44,+16.220, +9.795,+0.979
1583556960,+3.44,+16.229, +9.787,+0.978
1583557020,+3.44,+16.229, +9.777,+0.978
1583557080,+3.44,+16.229, +9.791,+0.978
1583557140,+3.44,+16.238, +9.780,+0.978
1583557200,+3.44,+16.229, +9.750,+0.978
1583557260,+3.44,+16.246, +9.718,+0.978
1583557320,+3.44,+16.246, +9.722,+0.978
1583557380,+3.44,+16.255, +9.704,+0.978
1583557440,+3.44,+16.238, +9.674,+0.978
1583557500,+3.44,+16.229, +9.674,+0.978
1583557560,+3.44,+16.238, +9.692,+0.978
1583557620,+3.44,+16.229, +9.728,+0.978
1583557680,+3.44,+16.238, +9.741,+0.978
1583557740,+3.44,+16.246, +9.728,+0.978
1583557800,+3.44,+16.238, +9.723,+0.978
1583557860,+3.44,+16.229, +9.752,+0.978
1583557920,+3.44,+16.229, +9.737,+0.978
1583557980,+3.44,+16.246, +9.719,+0.978
1583558040,+3.44,+16.246, +9.717,+0.978
1583558100,+3.44,+16.246, +9.707,+0.978
1583558160,+3.44,+16.255, +9.688,+0.978
1583558220,+3.44,+16.246, +9.699,+0.978
1583558280,+3.44,+16.246, +9.729,+0.978
1583558340,+3.44,+16.229, +9.759,+0.978
1583558400,+3.44,+16.246, +9.766,+0.978
1583558460,+3.44,+16.255, +9.729,+0.978
1583558520,+3.44,+16.238, +9.759,+0.978
1583558580,+3.44,+16.263, +9.796,+0.979
1583558640,+3.44,+16.255, +9.761,+0.978
1583558700,+3.44,+16.255, +9.759,+0.979
1583558760,+3.44,+16.246, +9.740,+0.978
1583558820,+3.43,+16.255, +9.735,+0.978
1583558880,+3.44,+16.255, +9.760,+0.978
1583558940,+3.44,+16.246, +9.753,+0.978
1583559000,+3.44,+16.255, +9.748,+0.978
1583559060,+3.44,+16.255, +9.745,+0.978
1583559120,+3.44,+16.263, +9.750,+0.978
1583559180,+3.44,+16.255, +9.767,+0.978
1583559240,+3.43,+16.263, +9.773,+0.978
1583559300,+3.43,+16.263, +9.753,+0.978
1583559360,+3.44,+16.255, +9.692,+0.978
1583559420,+3.43,+16.272, +9.682,+0.979
1583559480,+3.43,+16.263, +9.688,+0.977
1583559540,+3.43,+16.246, +9.668,+0.978
1583559600,+3.44,+16.246, +9.691,+0.978
1583559660,+3.43,+16.263, +9.684,+0.977
1583559720,+3.43,+16.255, +9.708,+0.978
1583559780,+3.43,+16.246, +9.685,+0.978
1583559840,+3.44,+16.246, +9.655,+0.978
1583559900,+3.44,+16.246, +9.647,+0.978
1583559960,+3.43,+16.246, +9.613,+0.978
1583560020,+3.43,+16.246, +9.624,+0.978
1583560080,+3.43,+16.255, +9.678,+0.978
1583560140,+3.44,+16.238, +9.717,+0.978
1583560200,+3.43,+16.246, +9.755,+0.978
1583560260,+3.43,+16.263, +9.735,+0.978
1583560320,+3.43,+16.255, +9.665,+0.977
1583560380,+3.43,+16.246, +9.634,+0.978
1583560440,+3.44,+16.238, +9.608,+0.978
1583560500,+3.43,+16.246, +9.612,+0.978
1583560560,+3.43,+16.238, +9.672,+0.978
1583560620,+3.44,+16.246, +9.631,+0.978
1583560680,+3.43,+16.263, +9.629,+0.978
1583560740,+3.43,+16.246, +9.606,+0.978
1583560800,+3.43,+16.263, +9.615,+0.977
1583560860,+3.43,+16.255, +9.645,+0.978
1583560920,+3.43,+16.255, +9.643,+0.977
1583560980,+3.44,+16.255, +9.644,+0.978
1583561040,+3.43,+16.238, +9.642,+0.978
1583561100,+3.43,+16.255, +9.634,+0.978
1583561160,+3.43,+16.255, +9.640,+0.978
1583561220,+3.43,+16.238, +9.655,+0.978
1583561280,+3.43,+16.255, +9.672,+0.978
1583561340,+3.43,+16.238, +9.682,+0.978
1583561400,+3.43,+16.246, +9.686,+0.978
1583561460,+3.43,+16.246, +9.694,+0.978
1583561520,+3.43,+16.255, +9.700,+0.978
1583561580,+3.43,+16.255, +9.776,+0.978
1583561640,+3.43,+16.255, +9.848,+0.979
1583561700,+3.43,+16.255, +9.848,+0.978
1583561760,+3.43,+16.255, +9.847,+0.977
1583561820,+3.43,+16.255, +9.843,+0.978
1583561880,+3.43,+16.246, +9.848,+0.978
1583561940,+3.43,+16.246, +9.841,+0.978
1583562000,+3.43,+16.255, +9.838,+0.978
1583562060,+3.43,+16.238, +9.861,+0.978
1583562120,+3.43,+16.229, +9.848,+0.978
1583562180,+3.43,+16.246, +9.819,+0.978
1583562240,+3.43,+16.238, +9.808,+0.978
1583562300,+3.43,+16.246, +9.816,+0.978
1583562360,+3.43,+16.246, +9.820,+0.978
1583562420,+3.43,+16.229, +9.837,+0.978
1583562480,+3.43,+16.238, +9.834,+0.979
1583562540,+3.43,+16.238, +9.825,+0.977
1583562600,+3.43,+16.220, +9.858,+0.977
1583562660,+3.43,+16.238, +9.897,+0.978
1583562720,+3.43,+16.238, +9.857,+0.978
1583562780,+3.43,+16.212, +9.839,+0.978
1583562840,+3.43,+16.203, +9.814,+0.979
1583562900,+3.43,+16.203, +9.764,+0.978
1583562960,+3.43,+16.186, +9.758,+0.978
1583563020,+3.44,+16.186, +9.755,+0.978
1583563080,+3.43,+16.169, +9.751,+0.978
1583563140,+3.43,+16.169, +9.750,+0.978
1583563200,+3.43,+16.161, +9.732,+0.978
1583563260,+3.44,+16.161, +9.715,+0.978
1583563320,+3.43,+16.152, +9.731,+0.978
1583563380,+3.44,+16.152, +9.738,+0.978
1583563440,+3.44,+16.135, +9.725,+0.978
1583563500,+3.44,+16.144, +9.722,+0.978
1583563560,+3.43,+16.127, +9.727,+0.978
1583563620,+3.44,+16.127, +9.694,+0.978
1583563680,+3.44,+16.101, +9.685,+0.978
1583563740,+3.44,+16.110, +9.681,+0.978
1583563800,+3.44,+16.110, +9.687,+0.979
1583563860,+3.44,+16.093, +9.685,+0.978
1583563920,+3.44,+16.093, +9.711,+0.978
1583563980,+3.44,+16.075, +9.712,+0.977
1583564040,+3.43,+16.075, +9.721,+0.978
1583564100,+3.44,+16.084, +9.722,+0.977
1583564160,+3.44,+16.067, +9.764,+0.978
1583564220,+3.44,+16.058, +9.774,+0.978
1583564280,+3.44,+16.058, +9.774,+0.977
1583564340,+3.44,+16.067, +9.770,+0.978
1583564400,+3.44,+16.058, +9.774,+0.978
1583564460,+3.44,+16.058, +9.780,+0.978
1583564520,+3.44,+16.050, +9.786,+0.978
1583564580,+3.44,+16.041, +9.795,+0.978
1583564640,+3.44,+16.041, +9.794,+0.978
1583564700,+3.44,+16.033, +9.788,+0.978
1583564760,+3.44,+16.033, +9.792,+0.978
1583564820,+3.44,+16.041, +9.787,+0.978
1583564880,+3.44,+16.033, +9.789,+0.978
1583564940,+3.44,+16.041, +9.795,+0.978
1583565000,+3.44,+16.024, +9.800,+0.978
1583565060,+3.44,+16.024, +9.798,+0.978
1583565120,+3.44,+16.024, +9.798,+0.977
1583565180,+3.44,+16.033, +9.804,+0.978
1583565240,+3.44,+16.024, +9.796,+0.978
1583565300,+3.44,+16.033, +9.792,+0.978
1583565360,+3.44,+16.016, +9.789,+0.978
1583565420,+3.44,+16.024, +9.825,+0.978
1583565480,+3.44,+16.007, +9.850,+0.979
1583565540,+3.44,+16.024, +9.822,+0.978
1583565600,+3.44,+16.007, +9.831,+0.979
1583565660,+3.44,+16.007, +9.814,+0.977
1583565720,+3.44,+16.016, +9.822,+0.978
1583565780,+3.44,+16.007, +9.805,+0.977
1583565840,+3.43,+16.024, +9.807,+0.978
1583565900,+3.44,+16.016, +9.802,+0.978
1583565960,+3.44,+16.007, +9.811,+0.978
1583566020,+3.44,+16.016, +9.811,+0.978
1583566080,+3.44,+15.990, +9.812,+0.977
1583566140,+3.43,+16.024, +9.805,+0.978
1583566200,+3.44,+16.016, +9.809,+0.978
1583566260,+3.44,+15.999, +9.797,+0.977
1583566320,+3.44,+15.999, +9.821,+0.978
1583566380,+3.43,+16.007, +9.821,+0.978
1583566440,+3.44,+15.990, +9.829,+0.978
1583566500,+3.43,+15.999, +9.840,+0.978
1583566560,+3.44,+15.999, +9.823,+0.978
1583566620,+3.44,+16.007, +9.821,+0.978
1583566680,+3.44,+16.024, +9.811,+0.978
1583566740,+3.44,+15.999, +9.818,+0.978
1583566800,+3.43,+16.007, +9.827,+0.978
1583566860,+3.43,+16.007, +9.806,+0.977
1583566920,+3.44,+15.999, +9.820,+0.979
1583566980,+3.44,+16.007, +9.808,+0.978
1583567040,+3.44,+16.024, +9.809,+0.979
1583567100,+3.43,+16.007, +9.809,+0.978
1583567160,+3.43,+15.982, +9.823,+0.978
1583567220,+3.44,+15.999, +9.800,+0.978
1583567280,+3.44,+16.016, +9.827,+0.978
1583567340,+3.44,+16.016, +9.819,+0.978
1583567400,+3.43,+16.007, +9.801,+0.978
1583567460,+3.43,+16.007, +9.792,+0.978
1583567520,+3.43,+15.999, +9.782,+0.978
1583567580,+3.43,+16.007, +9.780,+0.978
1583567640,+3.43,+16.024, +9.758,+0.978
1583567700,+3.43,+16.007, +9.774,+0.978
1583567760,+3.43,+16.007, +9.781,+0.978
1583567820,+3.43,+15.999, +9.772,+0.978
1583567880,+3.43,+16.016, +9.772,+0.978
1583567940,+3.44,+16.007, +9.774,+0.978
1583568000,+3.43,+16.007, +9.753,+0.977
1583568060,+3.43,+16.024, +9.747,+0.978
1583568120,+3.44,+16.024, +9.758,+0.978
1583568180,+3.43,+16.016, +9.771,+0.979
1583568240,+3.43,+16.016, +9.771,+0.978
1583568300,+3.43,+16.024, +9.778,+0.978
1583568360,+3.43,+16.024, +9.786,+0.979
1583568420,+3.43,+16.024, +9.792,+0.978
1583568480,+3.43,+16.016, +9.759,+0.978
1583568540,+3.43,+16.016, +9.760,+0.978
1583568600,+3.43,+16.016, +9.751,+0.978
1583568660,+3.44,+16.007, +9.740,+0.978
1583568720,+3.43,+16.016, +9.741,+0.978
1583568780,+3.43,+16.007, +9.717,+0.978
1583568840,+3.43,+16.007, +9.721,+0.978
1583568900,+3.43,+16.033, +9.733,+0.979
1583568960,+3.43,+16.016, +9.719,+0.978
1583569020,+3.43,+16.016, +9.718,+0.979
1583569080,+3.43,+16.024, +9.686,+0.978
1583569140,+3.43,+16.007, +9.686,+0.978
1583569200,+3.43,+16.024, +9.672,+0.978
1583569260,+3.43,+16.016, +9.667,+0.978
1583569320,+3.43,+16.024, +9.639,+0.978
1583569380,+3.43,+16.024, +9.612,+0.978
1583569440,+3.43,+16.041, +9.592,+0.978
1583569500,+3.43,+16.041, +9.553,+0.978
1583569560,+3.43,+16.033, +9.533,+0.978
1583569620,+3.43,+16.041, +9.516,+0.978
1583569680,+3.43,+16.041, +9.489,+0.978
1583569740,+3.43,+16.041, +9.479,+0.978
1583569800,+3.43,+16.041, +9.466,+0.978
1583569860,+3.43,+16.033, +9.471,+0.978
1583569920,+3.43,+16.041, +9.445,+0.978
1583569980,+3.43,+16.050, +9.446,+0.978
1583570040,+3.43,+16.058, +9.455,+0.978
1583570100,+3.43,+16.041, +9.455,+0.977
1583570160,+3.43,+16.050, +9.466,+0.979
1583570220,+3.43,+16.050, +9.446,+0.978
1583570280,+3.43,+16.067, +9.422,+0.978
1583570340,+3.43,+16.058, +9.394,+0.978
1583570400,+3.43,+16.067, +9.395,+0.978
1583570460,+3.43,+16.067, +9.397,+0.978
1583570520,+3.43,+16.058, +9.393,+0.978
1583570580,+3.43,+16.067, +9.360,+0.977
1583570640,+3.43,+16.067, +9.345,+0.978
1583570700,+3.43,+16.093, +9.322,+0.979
1583570760,+3.43,+16.067, +9.297,+0.978
1583570820,+3.43,+16.067, +9.296,+0.978
1583570880,+3.43,+16.084, +9.280,+0.979
1583570940,+3.43,+16.093, +9.255,+0.978
1583571000,+3.43,+16.093, +9.234,+0.977
1583571060,+3.43,+16.084, +9.250,+0.978
1583571120,+3.43,+16.110, +9.233,+0.978
1583571180,+3.43,+16.127, +9.220,+0.978
1583571240,+3.43,+16.135, +9.192,+0.978
1583571300,+3.43,+16.118, +9.207,+0.978
1583571360,+3.43,+16.144, +9.191,+0.978
1583571420,+3.43,+16.152, +9.167,+0.977
1583571480,+3.43,+16.135, +9.190,+0.978
1583571540,+3.43,+16.169, +9.167,+0.978
1583571600,+3.43,+16.144, +9.171,+0.978
1583571660,+3.43,+16.161, +9.159,+0.979
1583571720,+3.43,+16.152, +9.146,+0.978
1583571780,+3.43,+16.144, +9.165,+0.978
1583571840,+3.43,+16.161, +9.140,+0.978
1583571900,+3.43,+16.169, +9.124,+0.978
1583571960,+3.43,+16.161, +9.109,+0.978
1583572020,+3.43,+16.178, +9.126,+0.978
1583572080,+3.43,+16.178, +9.111,+0.978
1583572140,+3.43,+16.186, +9.137,+0.978
1583572200,+3.43,+16.186, +9.131,+0.978
1583572260,+3.43,+16.195, +9.119,+0.978
1583572320,+3.43,+16.195, +9.144,+0.978
1583572380,+3.43,+16.203, +9.172,+0.978
1583572440,+3.43,+16.195, +9.172,+0.978
1583572500,+3.43,+16.161, +9.163,+0.978
1583572560,+3.43,+16.178, +9.164,+0.978
1583572620,+3.43,+16.178, +9.176,+0.977
1583572680,+3.43,+16.195, +9.341,+0.978
1583572740,+3.43,+16.203, +9.334,+0.978
1583572800,+3.43,+16.203, +9.289,+0.977
1583572860,+3.43,+16.178, +9.280,+0.978
1583572920,+3.43,+16.195, +9.292,+0.978
1583572980,+3.43,+16.195, +9.281,+0.978
1583573040,+3.43,+16.203, +9.291,+0.978
1583573100,+3.43,+16.186, +9.342,+0.978
1583573160,+3.43,+16.195, +9.353,+0.977
1583573220,+3.43,+16.195, +9.375,+0.977
1583573280,+3.43,+16.195, +9.461,+0.977
1583573340,+3.43,+16.186, +9.504,+0.978
1583573400,+3.43,+16.178, +9.517,+0.978
1583573460,+3.43,+16.195, +9.481,+0.978
1583573520,+3.43,+16.186, +9.492,+0.978
1583573580,+3.43,+16.195, +9.524,+0.978
1583573640,+3.43,+16.195, +9.552,+0.978
1583573700,+3.43,+16.178, +9.583,+0.978
1583573760,+3.43,+16.195, +9.595,+0.978
1583573820,+3.43,+16.195, +9.598,+0.978
1583573880,+3.43,+16.186, +9.632,+0.979
1583573940,+3.43,+16.195, +9.652,+0.978
1583574000,+3.43,+16.186, +9.664,+0.978
1583574060,+3.43,+16.186, +9.673,+0.978
1583574120,+3.43,+16.203, +9.690,+0.977
1583574180,+3.43,+16.186, +9.702,+0.978
1583574240,+3.43,+16.169, +9.723,+0.978
1583574300,+3.43,+16.169, +9.712,+0.977
1583574360,+3.43,+16.169, +9.695,+0.978
1583574420,+3.43,+16.203, +9.679,+0.978
1583574480,+3.43,+16.195, +9.675,+0.978
1583574540,+3.43,+16.186, +9.689,+0.978
1583574600,+3.43,+16.186, +9.694,+0.978
1583574660,+3.43,+16.186, +9.697,+0.978
1583574720,+3.43,+16.186, +9.687,+0.978
1583574780,+3.43,+16.186, +9.682,+0.978
1583574840,+3.43,+16.186, +9.672,+0.977
1583574900,+3.43,+16.178, +9.682,+0.978
1583574960,+3.43,+16.186, +9.688,+0.977
1583575020,+3.43,+16.195, +9.712,+0.978
1583575080,+3.43,+16.169, +9.718,+0.977
1583575140,+3.43,+16.161, +9.739,+0.978
1583575200,+3.43,+16.186, +9.735,+0.978
1583575260,+3.43,+16.195, +9.738,+0.978
1583575320,+3.43,+16.169, +9.739,+0.978
1583575380,+3.43,+16.169, +9.750,+0.978
1583575440,+3.43,+16.186, +9.783,+0.978
1583575500,+3.43,+16.203, +9.808,+0.979
1583575560,+3.43,+16.195, +9.805,+0.978
1583575620,+3.43,+16.186, +9.815,+0.978
1583575680,+3.43,+16.169, +9.816,+0.978
1583575740,+3.43,+16.186, +9.788,+0.978
1583575800,+3.43,+16.178, +9.813,+0.979
1583575860,+3.43,+16.169, +9.816,+0.978
1583575920,+3.43,+16.178, +9.811,+0.977
1583575980,+3.43,+16.169, +9.808,+0.978
1583576040,+3.43,+16.161, +9.800,+0.978
1583576100,+3.43,+16.186, +9.784,+0.978
1583576160,+3.43,+16.186, +9.776,+0.978
1583576220,+3.43,+16.169, +9.778,+0.978
1583576280,+3.43,+16.178, +9.758,+0.978
1583576340,+3.43,+16.186, +9.746,+0.978
1583576400,+3.43,+16.186, +9.770,+0.978
1583576460,+3.43,+16.178, +9.752,+0.978
1583576520,+3.43,+16.186, +9.750,+0.978
1583576580,+3.43,+16.169, +9.762,+0.979
1583576640,+3.43,+16.195, +9.745,+0.978
1583576700,+3.43,+16.186, +9.753,+0.978
1583576760,+3.43,+16.169, +9.766,+0.979
1583576820,+3.43,+16.178, +9.746,+0.978
1583576880,+3.43,+16.178, +9.732,+0.978
1583576940,+3.43,+16.169, +9.735,+0.978
1583577000,+3.43,+16.178, +9.711,+0.978
1583577060,+3.43,+16.178, +9.715,+0.978
1583577120,+3.43,+16.169, +9.729,+0.978
1583577180,+3.43,+16.169, +9.735,+0.978
1583577240,+3.43,+16.169, +9.731,+0.978
1583577300,+3.43,+16.169, +9.738,+0.978
1583577360,+3.43,+16.161, +9.743,+0.977
1583577420,+3.43,+16.178, +9.751,+0.979
1583577480,+3.43,+16.161, +9.761,+0.978
1583577540,+3.43,+16.186, +9.779,+0.978
1583577600,+3.43,+16.178, +9.785,+0.978
1583577660,+3.43,+16.161, +9.805,+0.978
1583577720,+3.43,+16.178, +9.800,+0.978
1583577780,+3.43,+16.169, +9.806,+0.978
1583577840,+3.43,+16.178, +9.804,+0.978
1583577900,+3.43,+16.169, +9.812,+0.978
1583577960,+3.43,+16.186, +9.807,+0.978
1583578020,+3.43,+16.169, +9.822,+0.978
1583578080,+3.43,+16.169, +9.802,+0.977
1583578140,+3.43,+16.186, +9.798,+0.978
1583578200,+3.43,+16.186, +9.792,+0.977
1583578260,+3.43,+16.178, +9.787,+0.977
1583578320,+3.43,+16.186, +9.790,+0.978
1583578380,+3.43,+16.169, +9.798,+0.978
1583578440,+3.43,+16.161, +9.802,+0.978
1583578500,+3.43,+16.169, +9.790,+0.978
1583578560,+3.43,+16.178, +9.773,+0.977
1583578620,+3.43,+16.178, +9.775,+0.977
1583578680,+3.43,+16.178, +9.776,+0.979
1583578740,+3.43,+16.178, +9.755,+0.978
1583578800,+3.43,+16.169, +9.729,+0.978
1583578860,+3.43,+16.178, +9.709,+0.978
1583578920,+3.43,+16.161, +9.701,+0.978
1583578980,+3.43,+16.169, +9.672,+0.978
1583579040,+3.43,+16.161, +9.682,+0.978
1583579100,+3.43,+16.161, +9.676,+0.978
1583579160,+3.43,+16.178, +9.670,+0.978
1583579220,+3.43,+16.178, +9.675,+0.978
1583579280,+3.43,+16.186, +9.665,+0.978
1583579340,+3.43,+16.169, +9.673,+0.978
1583579400,+3.43,+16.169, +9.687,+0.978
1583579460,+3.43,+16.161, +9.689,+0.977
1583579520,+3.43,+16.169, +9.685,+0.978
1583579580,+3.43,+16.178, +9.691,+0.978
1583579640,+3.43,+16.178, +9.698,+0.978
1583579700,+3.43,+16.161, +9.712,+0.978
1583579760,+3.43,+16.161, +9.701,+0.978
1583579820,+3.43,+16.169, +9.680,+0.978
1583579880,+3.43,+16.152, +9.692,+0.977
1583579940,+3.43,+16.161, +9.728,+0.978
1583580000,+3.43,+16.169, +9.699,+0.978
1583580060,+3.43,+16.161, +9.691,+0.977
1583580120,+3.43,+16.152, +9.703,+0.977
1583580180,+3.43,+16.169, +9.712,+0.978
1583580240,+3.43,+16.169, +9.702,+0.978
1583580300,+3.43,+16.169, +9.686,+0.977
1583580360,+3.43,+16.169, +9.697,+0.978
1583580420,+3.43,+16.161, +9.683,+0.978
1583580480,+3.43,+16.161, +9.653,+0.978
1583580540,+3.43,+16.152, +9.646,+0.978
1583580600,+3.43,+16.169, +9.619,+0.977
1583580660,+3.43,+16.169, +9.588,+0.977
1583580720,+3.43,+16.169, +9.557,+0.978
1583580780,+3.43,+16.152, +9.572,+0.978
1583580840,+3.43,+16.178, +9.561,+0.978
1583580900,+3.43,+16.161, +9.568,+0.978
1583580960,+3.43,+16.178, +9.558,+0.978
1583581020,+3.43,+16.169, +9.557,+0.978
1583581080,+3.43,+16.161, +9.569,+0.978
1583581140,+3.43,+16.186, +9.568,+0.978
1583581200,+3.43,+16.178, +9.554,+0.977
1583581260,+3.43,+16.161, +9.587,+0.978
1583581320,+3.43,+16.161, +9.577,+0.978
1583581380,+3.43,+16.161, +9.573,+0.978
1583581440,+3.43,+16.178, +9.548,+0.977
1583581500,+3.43,+16.161, +9.557,+0.978
1583581560,+3.43,+16.169, +9.538,+0.978
1583581620,+3.43,+16.169, +9.512,+0.978
1583581680,+3.43,+16.161, +9.489,+0.978
1583581740,+3.43,+16.152, +9.474,+0.978
1583581800,+3.43,+16.169, +9.457,+0.977
1583581860,+3.43,+16.169, +9.452,+0.978
1583581920,+3.43,+16.169, +9.452,+0.978
1583581980,+3.43,+16.169, +9.420,+0.978
1583582040,+3.43,+16.169, +9.422,+0.978
1583582100,+3.43,+16.161, +9.413,+0.978
1583582160,+3.43,+16.161, +9.410,+0.978
1583582220,+3.43,+16.161, +9.403,+0.977
1583582280,+3.43,+16.161, +9.397,+0.977
1583582340,+3.43,+16.161, +9.397,+0.978
1583582400,+3.43,+16.178, +9.399,+0.978
1583582460,+3.43,+16.152, +9.455,+0.978
1583582520,+3.43,+16.169, +9.464,+0.978
1583582580,+3.43,+16.161, +9.478,+0.978
1583582640,+3.43,+16.169, +9.497,+0.978
1583582700,+3.43,+16.161, +9.494,+0.978
1583582760,+3.43,+16.161, +9.487,+0.978
1583582820,+3.43,+16.152, +9.474,+0.977
1583582880,+3.43,+16.161, +9.465,+0.978
1583582940,+3.43,+16.161, +9.468,+0.978
1583583000,+3.43,+16.144, +9.483,+0.978
1583583060,+3.43,+16.152, +9.463,+0.978
1583583120,+3.43,+16.169, +9.471,+0.978
1583583180,+3.43,+16.169, +9.477,+0.978
1583583240,+3.43,+16.169, +9.506,+0.978
1583583300,+3.43,+16.161, +9.537,+0.978
1583583360,+3.43,+16.161, +9.535,+0.977
1583583420,+3.43,+16.186, +9.499,+0.977
1583583480,+3.43,+16.161, +9.475,+0.977
1583583540,+3.43,+16.161, +9.498,+0.978
1583583600,+3.43,+16.152, +9.489,+0.977
1583583660,+3.43,+16.169, +9.513,+0.978
1583583720,+3.43,+16.169, +9.513,+0.978
1583583780,+3.43,+16.178, +9.507,+0.978
1583583840,+3.43,+16.161, +9.500,+0.978
1583583900,+3.43,+16.169, +9.483,+0.977
1583583960,+3.43,+16.178, +9.496,+0.977
1583584020,+3.43,+16.161, +9.512,+0.978
1583584080,+3.43,+16.161, +9.513,+0.978
1583584140,+3.43,+16.169, +9.519,+0.978
1583584200,+3.43,+16.152, +9.514,+0.978
1583584260,+3.43,+16.178, +9.497,+0.978
1583584320,+3.43,+16.169, +9.484,+0.978
1583584380,+3.43,+16.169, +9.484,+0.978
1583584440,+3.43,+16.169, +9.488,+0.978
1583584500,+3.43,+16.169, +9.495,+0.978
1583584560,+3.43,+16.161, +9.495,+0.978
1583584620,+3.43,+16.144, +9.512,+0.978
1583584680,+3.43,+16.161, +9.514,+0.978
1583584740,+3.43,+16.161, +9.511,+0.978
1583584800,+3.43,+16.178, +9.501,+0.978
1583584860,+3.43,+16.178, +9.505,+0.978
1583584920,+3.43,+16.169, +9.516,+0.978
1583584980,+3.43,+16.169, +9.500,+0.978
1583585040,+3.43,+16.169, +9.524,+0.977
1583585100,+3.43,+16.161, +9.559,+0.978
1583585160,+3.43,+16.152, +9.576,+0.978
1583585220,+3.43,+16.152, +9.572,+0.978
1583585280,+3.43,+16.161, +9.553,+0.978
1583585340,+3.43,+16.135, +9.549,+0.978
1583585400,+3.43,+16.161, +9.528,+0.978
1583585460,+3.43,+16.161, +9.515,+0.978
1583585520,+3.43,+16.144, +9.522,+0.978
1583585580,+3.43,+16.144, +9.523,+0.978
1583585640,+3.43,+16.161, +9.505,+0.978
1583585700,+3.43,+16.161, +9.494,+0.978
1583585760,+3.43,+16.144, +9.499,+0.978
1583585820,+3.43,+16.135, +9.491,+0.977
1583585880,+3.43,+16.144, +9.498,+0.978
1583585940,+3.43,+16.169, +9.490,+0.978
1583586000,+3.43,+16.152, +9.485,+0.978
1583586060,+3.43,+16.152, +9.493,+0.978
1583586120,+3.43,+16.152, +9.484,+0.977
1583586180,+3.43,+16.152, +9.494,+0.978
1583586240,+3.43,+16.161, +9.509,+0.978
1583586300,+3.43,+16.144, +9.514,+0.978
1583586360,+3.43,+16.152, +9.523,+0.978
1583586420,+3.43,+16.152, +9.516,+0.978
1583586480,+3.43,+16.152, +9.508,+0.977
1583586540,+3.43,+16.144, +9.504,+0.978
1583586600,+3.43,+16.152, +9.500,+0.978
1583586660,+3.43,+16.152, +9.519,+0.978
1583586720,+3.43,+16.161, +9.521,+0.977
1583586780,+3.43,+16.135, +9.534,+0.978
1583586840,+3.43,+16.178, +9.507,+0.978
1583586900,+3.43,+16.152, +9.509,+0.978
1583586960,+3.43,+16.135, +9.518,+0.978
1583587020,+3.43,+16.161, +9.507,+0.978
1583587080,+3.43,+16.161, +9.525,+0.978
1583587140,+3.43,+16.144, +9.535,+0.978
1583587200,+3.43,+16.144, +9.539,+0.978
1583587260,+3.43,+16.161, +9.538,+0.978
1583587320,+3.43,+16.144, +9.539,+0.978
1583587380,+3.43,+16.152, +9.524,+0.978
1583587440,+3.43,+16.152, +9.520,+0.978
1583587500,+3.43,+16.161, +9.528,+0.978
1583587560,+3.43,+16.135, +9.538,+0.978
1583587620,+3.43,+16.144, +9.535,+0.978
1583587680,+3.43,+16.144, +9.514,+0.978
1583587740,+3.43,+16.152, +9.498,+0.978
1583587800,+3.43,+16.161, +9.492,+0.978
1583587860,+3.43,+16.152, +9.494,+0.978
1583587920,+3.43,+16.144, +9.499,+0.978
1583587980,+3.43,+16.161, +9.488,+0.978
1583588040,+3.43,+16.144, +9.518,+0.978
1583588100,+3.43,+16.152, +9.491,+0.977
1583588160,+3.43,+16.152, +9.491,+0.978
1583588220,+3.43,+16.135, +9.518,+0.978
1583588280,+3.43,+16.152, +9.514,+0.978
1583588340,+3.43,+16.144, +9.503,+0.977
1583588400,+3.43,+16.135, +9.500,+0.978
1583588460,+3.43,+16.135, +9.487,+0.978
1583588520,+3.43,+16.152, +9.482,+0.978
1583588580,+3.43,+16.144, +9.465,+0.978
1583588640,+3.43,+16.152, +9.457,+0.978
1583588700,+3.43,+16.127, +9.450,+0.978
1583588760,+3.43,+16.144, +9.433,+0.978
1583588820,+3.43,+16.144, +9.402,+0.977
1583588880,+3.43,+16.135, +9.417,+0.978
1583588940,+3.43,+16.135, +9.420,+0.977
1583589000,+3.43,+16.152, +9.395,+0.978
1583589060,+3.43,+16.144, +9.355,+0.977
1583589120,+3.43,+16.135, +9.381,+0.978
1583589180,+3.43,+16.135, +9.426,+0.979
1583589240,+3.43,+16.169, +9.383,+0.978
1583589300,+3.43,+16.161, +9.404,+0.978
1583589360,+3.43,+16.144, +9.385,+0.978
1583589420,+3.43,+16.144, +9.393,+0.977
1583589480,+3.43,+16.161, +9.412,+0.978
1583589540,+3.43,+16.152, +9.412,+0.978
1583589600,+3.43,+16.152, +9.403,+0.978
1583589660,+3.43,+16.161, +9.372,+0.978
1583589720,+3.43,+16.152, +9.405,+0.977
1583589780,+3.43,+16.152, +9.444,+0.978
1583589840,+3.43,+16.135, +9.446,+0.978
1583589900,+3.43,+16.127, +9.456,+0.978
1583589960,+3.43,+16.144, +9.463,+0.978
1583590020,+3.43,+16.135, +9.474,+0.978
1583590080,+3.43,+16.127, +9.479,+0.978
1583590140,+3.43,+16.152, +9.435,+0.978
1583590200,+3.43,+16.144, +9.448,+0.978
1583590260,+3.43,+16.135, +9.458,+0.978
1583590320,+3.43,+16.135, +9.478,+0.977
1583590380,+3.43,+16.135, +9.496,+0.978
1583590440,+3.43,+16.161, +9.497,+0.978
1583590500,+3.43,+16.135, +9.499,+0.978
1583590560,+3.43,+16.144, +9.495,+0.978
1583590620,+3.43,+16.135, +9.496,+0.978
1583590680,+3.43,+16.135, +9.500,+0.977
1583590740,+3.43,+16.135, +9.503,+0.977
1583590800,+3.43,+16.135, +9.520,+0.978
1583590860,+3.43,+16.161, +9.514,+0.978
1583590920,+3.43,+16.135, +9.530,+0.978
1583590980,+3.43,+16.144, +9.528,+0.978
1583591040,+3.43,+16.118, +9.530,+0.978
1583591100,+3.43,+16.135, +9.516,+0.977
1583591160,+3.43,+16.144, +9.505,+0.978
1583591220,+3.43,+16.161, +9.482,+0.977
1583591280,+3.43,+16.152, +9.496,+0.978
1583591340,+3.43,+16.127, +9.516,+0.978
1583591400,+3.43,+16.144, +9.512,+0.978
1583591460,+3.43,+16.144, +9.496,+0.977
1583591520,+3.43,+16.152, +9.485,+0.978
1583591580,+3.43,+16.135, +9.515,+0.979
1583591640,+3.43,+16.135, +9.500,+0.978
1583591700,+3.43,+16.127, +9.502,+0.978
1583591760,+3.43,+16.135, +9.498,+0.978
1583591820,+3.43,+16.152, +9.500,+0.978
1583591880,+3.43,+16.135, +9.497,+0.978
1583591940,+3.43,+16.135, +9.482,+0.978
1583592000,+3.43,+16.144, +9.467,+0.978
1583592060,+3.43,+16.135, +9.480,+0.978
1583592120,+3.43,+16.135, +9.449,+0.978
1583592180,+3.43,+16.144, +9.434,+0.977
1583592240,+3.43,+16.144, +9.441,+0.978
1583592300,+3.43,+16.144, +9.427,+0.978
1583592360,+3.43,+16.127, +9.443,+0.978
1583592420,+3.43,+16.135, +9.438,+0.978
1583592480,+3.43,+16.161, +9.447,+0.978
1583592540,+3.43,+16.135, +9.532,+0.978
1583592600,+3.43,+16.101, +9.612,+0.978
1583592660,+3.43,+16.110, +9.633,+0.978
1583592720,+3.43,+16.127, +9.621,+0.978
1583592780,+3.43,+16.118, +9.609,+0.978
1583592840,+3.43,+16.118, +9.604,+0.978
1583592900,+3.43,+16.101, +9.615,+0.978
1583592960,+3.43,+16.118, +9.618,+0.978
1583593020,+3.43,+16.110, +9.624,+0.978
1583593080,+3.43,+16.101, +9.640,+0.978
1583593140,+3.43,+16.110, +9.681,+0.978
1583593200,+3.43,+16.118, +9.706,+0.978
1583593260,+3.43,+16.101, +9.718,+0.978
1583593320,+3.43,+16.093, +9.716,+0.978
1583593380,+3.43,+16.110, +9.733,+0.978
1583593440,+3.43,+16.110, +9.708,+0.977
1583593500,+3.43,+16.110, +9.713,+0.978
1583593560,+3.43,+16.101, +9.714,+0.978
1583593620,+3.43,+16.101, +9.710,+0.978
1583593680,+3.43,+16.101, +9.710,+0.978
1583593740,+3.43,+16.101, +9.728,+0.978
1583593800,+3.43,+16.101, +9.715,+0.977
1583593860,+3.43,+16.101, +9.711,+0.977
1583593920,+3.43,+16.084, +9.715,+0.978
1583593980,+3.43,+16.093, +9.723,+0.978
1583594040,+3.43,+16.093, +9.685,+0.977
1583594100,+3.43,+16.101, +9.541,+0.978
1583594160,+3.43,+16.093, +9.421,+0.977
1583594220,+3.43,+16.110, +9.383,+0.978
1583594280,+3.43,+16.093, +9.485,+0.978
1583594340,+3.43,+16.101, +9.618,+0.978
1583594400,+3.43,+16.093, +9.551,+0.978
1583594460,+3.43,+16.101, +9.490,+0.977
1583594520,+3.43,+16.127, +9.419,+0.977
1583594580,+3.43,+16.110, +9.461,+0.978
1583594640,+3.43,+16.101, +9.359,+0.977
1583594700,+3.43,+16.075, +9.141,+0.978
1583594760,+3.43,+16.110, +8.873,+0.978
1583594820,+3.43,+16.118, +8.896,+0.978
1583594880,+3.43,+16.110, +9.005,+0.977
1583594940,+3.43,+16.135, +9.113,+0.977
1583595000,+3.43,+16.110, +9.243,+0.977
1583595060,+3.43,+16.127, +9.173,+0.978
1583595120,+3.43,+16.101, +9.066,+0.978
1583595180,+3.43,+16.093, +9.043,+0.978
1583595240,+3.43,+16.110, +9.179,+0.978
1583595300,+3.43,+16.110, +9.146,+0.978
1583595360,+3.43,+16.110, +9.202,+0.977
1583595420,+3.43,+16.101, +9.250,+0.977
1583595480,+3.43,+16.110, +9.255,+0.977
1583595540,+3.43,+16.101, +9.146,+0.977
1583595600,+3.43,+16.093, +9.188,+0.978
1583595660,+3.43,+16.118, +9.095,+0.978
1583595720,+3.43,+16.110, +9.099,+0.978
1583595780,+3.43,+16.110, +8.933,+0.978
1583595840,+3.43,+16.110, +8.947,+0.977
1583595900,+3.43,+16.110, +8.834,+0.977
1583595960,+3.43,+16.118, +9.040,+0.978
1583596020,+3.43,+16.118, +8.950,+0.978
1583596080,+3.43,+16.110, +9.088,+0.978
1583596140,+3.43,+16.118, +9.122,+0.978
1583596200,+3.43,+16.110, +9.012,+0.978
1583596260,+3.43,+16.127, +8.998,+0.978
1583596320,+3.43,+16.101, +8.983,+0.978
1583596380,+3.43,+16.127, +8.907,+0.977
1583596440,+3.43,+16.110, +8.926,+0.978
1583596500,+3.43,+16.110, +8.863,+0.977
1583596560,+3.43,+16.110, +8.919,+0.978
1583596620,+3.43,+16.110, +9.076,+0.978
1583596680,+3.43,+16.118, +9.131,+0.978
1583596740,+3.43,+16.127, +9.155,+0.978
1583596800,+3.43,+16.110, +9.175,+0.978
1583596860,+3.43,+16.118, +9.150,+0.978
1583596920,+3.43,+16.101, +9.272,+0.978
1583596980,+3.43,+16.110, +9.086,+0.978
1583597040,+3.43,+16.118, +9.270,+0.977
1583597100,+3.43,+16.110, +9.117,+0.978
1583597160,+3.43,+16.101, +9.239,+0.978
1583597220,+3.43,+16.118, +9.063,+0.978
1583597280,+3.43,+16.110, +9.092,+0.977
1583597340,+3.43,+16.110, +8.970,+0.978
1583597400,+3.43,+16.118, +8.915,+0.977
1583597460,+3.43,+16.101, +8.974,+0.978
1583597520,+3.43,+16.110, +9.035,+0.977
1583597580,+3.43,+16.118, +9.097,+0.978
1583597640,+3.43,+16.093, +9.007,+0.977
1583597700,+3.43,+16.110, +9.008,+0.978
1583597760,+3.43,+16.118, +8.960,+0.978
1583597820,+3.43,+16.110, +9.035,+0.978
1583597880,+3.43,+16.127, +9.061,+0.978
1583597940,+3.43,+16.110, +9.048,+0.978
1583598000,+3.43,+16.118, +9.034,+0.978
1583598060,+3.43,+16.135, +9.093,+0.977
1583598120,+3.43,+16.110, +9.044,+0.978
1583598180,+3.43,+16.110, +9.071,+0.977
1583598240,+3.43,+16.110, +9.126,+0.978
1583598300,+3.43,+16.118, +9.249,+0.977
1583598360,+3.43,+16.118, +9.174,+0.977
1583598420,+3.43,+16.110, +9.285,+0.977
1583598480,+3.43,+16.118, +9.247,+0.977
1583598540,+3.43,+16.118, +9.138,+0.977
1583598600,+3.43,+16.110, +9.171,+0.978
1583598660,+3.43,+16.101, +9.215,+0.977
1583598720,+3.43,+16.118, +9.245,+0.978
1583598780,+3.43,+16.127, +9.268,+0.978
1583598840,+3.43,+16.127, +9.281,+0.978
1583598900,+3.43,+16.118, +9.310,+0.978
1583598960,+3.43,+16.127, +9.367,+0.978
1583599020,+3.43,+16.110, +9.387,+0.978
1583599080,+3.43,+16.118, +9.352,+0.977
1583599140,+3.43,+16.101, +9.401,+0.978
1583599200,+3.43,+16.110, +9.462,+0.977
1583599260,+3.43,+16.110, +9.452,+0.978
1583599320,+3.43,+16.127, +9.418,+0.978
1583599380,+3.43,+16.110, +9.384,+0.978
1583599440,+3.43,+16.127, +9.380,+0.977
1583599500,+3.43,+16.127, +9.435,+0.977
1583599560,+3.43,+16.110, +9.520,+0.978
1583599620,+3.43,+16.110, +9.621,+0.978
1583599680,+3.43,+16.110, +9.660,+0.978
1583599740,+3.43,+16.101, +9.682,+0.978
1583599800,+3.43,+16.110, +9.672,+0.978
1583599860,+3.43,+16.118, +9.652,+0.978
1583599920,+3.43,+16.118, +9.692,+0.978
1583599980,+3.43,+16.110, +9.708,+0.978
1583600040,+3.43,+16.110, +9.711,+0.977
1583600100,+3.43,+16.101, +9.737,+0.978
1583600160,+3.43,+16.084, +9.757,+0.978
1583600220,+3.43,+16.118, +9.746,+0.978
1583600280,+3.43,+16.110, +9.749,+0.978
1583600340,+3.43,+16.118, +9.738,+0.978
1583600400,+3.43,+16.101, +9.758,+0.978
1583600460,+3.43,+16.118, +9.752,+0.978
1583600520,+3.43,+16.093, +9.760,+0.977
1583600580,+3.43,+16.110, +9.755,+0.978
1583600640,+3.43,+16.110, +9.760,+0.977
1583600700,+3.43,+16.110, +9.773,+0.978
1583600760,+3.43,+16.084, +9.776,+0.978
1583600820,+3.43,+16.110, +9.769,+0.977
1583600880,+3.43,+16.110, +9.782,+0.978
1583600940,+3.43,+16.118, +9.774,+0.978
1583601000,+3.43,+16.101, +9.779,+0.977
1583601060,+3.43,+16.118, +9.776,+0.978
1583601120,+3.43,+16.110, +9.779,+0.978
1583601180,+3.43,+16.110, +9.773,+0.977
1583601240,+3.43,+16.110, +9.761,+0.977
1583601300,+3.43,+16.110, +9.781,+0.978
1583601360,+3.43,+16.118, +9.774,+0.978
1583601420,+3.43,+16.110, +9.792,+0.978
1583601480,+3.43,+16.110, +9.780,+0.978
1583601540,+3.43,+16.110, +9.779,+0.978
1583601600,+3.43,+16.118, +9.787,+0.978
1583601660,+3.43,+16.118, +9.776,+0.977
1583601720,+3.43,+16.127, +9.770,+0.978
1583601780,+3.43,+16.118, +9.774,+0.978
1583601840,+3.43,+16.118, +9.777,+0.978
1583601900,+3.43,+16.101, +9.778,+0.977
1583601960,+3.43,+16.110, +9.773,+0.978
1583602020,+3.43,+16.110, +9.769,+0.977
1583602080,+3.43,+16.118, +9.767,+0.978
1583602140,+3.43,+16.110, +9.759,+0.978
1583602200,+3.43,+16.084, +9.783,+0.978
1583602260,+3.43,+16.084, +9.774,+0.978
1583602320,+3.43,+16.093, +9.729,+0.978
1583602380,+3.43,+16.110, +9.706,+0.978
1583602440,+3.43,+16.110, +9.734,+0.978
1583602500,+3.43,+16.075, +9.758,+0.977
1583602560,+3.43,+16.058, +9.768,+0.977
1583602620,+3.43,+16.050, +9.770,+0.977
1583602680,+3.43,+16.058, +9.773,+0.978
1583602740,+3.43,+16.033, +9.793,+0.978
1583602800,+3.43,+16.058, +9.787,+0.978
1583602860,+3.43,+16.024, +9.788,+0.977
1583602920,+3.43,+16.033, +9.804,+0.978
1583602980,+3.43,+16.033, +9.785,+0.977
1583603040,+3.43,+16.050, +9.777,+0.977
1583603100,+3.43,+16.024, +9.783,+0.977
1583603160,+3.43,+16.041, +9.770,+0.977
1583603220,+3.43,+16.024, +9.780,+0.977
1583603280,+3.43,+16.041, +9.788,+0.978
1583603340,+3.43,+16.050, +9.782,+0.977
1583603400,+3.43,+16.041, +9.779,+0.978
1583603460,+3.43,+16.033, +9.800,+0.978
1583603520,+3.43,+16.033, +9.779,+0.977
1583603580,+3.43,+16.041, +9.780,+0.977
1583603640,+3.43,+16.033, +9.778,+0.977
1583603700,+3.43,+16.024, +9.785,+0.978
1583603760,+3.43,+16.041, +9.784,+0.978
1583603820,+3.43,+16.024, +9.798,+0.978
1583603880,+3.43,+16.024, +9.794,+0.978
1583603940,+3.43,+16.041, +9.775,+0.977
1583604000,+3.43,+16.024, +9.782,+0.977
1583604060,+3.43,+16.041, +9.784,+0.978
1583604120,+3.43,+16.024, +9.797,+0.978
1583604180,+3.43,+16.041, +9.783,+0.978
1583604240,+3.43,+16.050, +9.787,+0.978
1583604300,+3.43,+16.058, +9.787,+0.978
1583604360,+3.43,+16.050, +9.789,+0.978
1583604420,+3.43,+16.050, +9.794,+0.978
1583604480,+3.43,+16.033, +9.797,+0.978
1583604540,+3.43,+16.033, +9.800,+0.978
1583604600,+3.43,+16.041, +9.787,+0.977
1583604660,+3.43,+16.033, +9.801,+0.978
1583604720,+3.43,+16.050, +9.784,+0.977
1583604780,+3.43,+16.050, +9.792,+0.978
1583604840,+3.43,+16.041, +9.779,+0.977
1583604900,+3.43,+16.033, +9.783,+0.977
1583604960,+3.43,+16.050, +9.787,+0.978
1583605020,+3.43,+16.050, +9.781,+0.977
1583605080,+3.43,+16.033, +9.797,+0.978
1583605140,+3.43,+16.075, +9.778,+0.978
1583605200,+3.43,+16.050, +9.783,+0.977
1583605260,+3.43,+16.033, +9.777,+0.977
1583605320,+3.43,+16.041, +9.785,+0.977
1583605380,+3.43,+16.050, +9.783,+0.977
1583605440,+3.43,+16.033, +9.793,+0.978
1583605500,+3.43,+16.058, +9.785,+0.978
1583605560,+3.43,+16.041, +9.790,+0.977
1583605620,+3.43,+16.058, +9.787,+0.978
1583605680,+3.43,+16.041, +9.792,+0.978
1583605740,+3.43,+16.067, +9.782,+0.978
1583605800,+3.43,+16.041, +9.787,+0.977
1583605860,+3.43,+16.050, +9.796,+0.978
1583605920,+3.43,+16.041, +9.800,+0.978
1583605980,+3.43,+16.050, +9.793,+0.977
1583606040,+3.43,+16.033, +9.804,+0.978
1583606100,+3.43,+16.041, +9.810,+0.978
1583606160,+3.43,+16.058, +9.786,+0.977
1583606220,+3.43,+16.041, +9.805,+0.978
1583606280,+3.43,+16.050, +9.803,+0.978
1583606340,+3.43,+16.033, +9.799,+0.977
1583606400,+3.43,+16.058, +9.785,+0.978
1583606460,+3.43,+16.067, +9.783,+0.977
1583606520,+3.43,+16.050, +9.796,+0.978
1583606580,+3.43,+16.050, +9.793,+0.977
1583606640,+3.43,+16.058, +9.788,+0.977
1583606700,+3.43,+16.050, +9.800,+0.978
1583606760,+3.43,+16.067, +9.797,+0.978
1583606820,+3.43,+16.058, +9.789,+0.977
1583606880,+3.43,+16.050, +9.805,+0.978
1583606940,+3.43,+16.075, +9.779,+0.977
1583607000,+3.43,+16.067, +9.790,+0.977
1583607060,+3.43,+16.075, +9.779,+0.977
1583607120,+3.43,+16.050, +9.802,+0.977
1583607180,+3.43,+16.050, +9.807,+0.977
1583607240,+3.43,+16.075, +9.805,+0.978
1583607300,+3.43,+16.050, +9.811,+0.978
1583607360,+3.43,+16.067, +9.794,+0.977
1583607420,+3.43,+16.058, +9.800,+0.977
1583607480,+3.43,+16.058, +9.808,+0.978
1583607540,+3.43,+16.075, +9.810,+0.978
1583607600,+3.43,+16.084, +9.811,+0.978
1583607660,+3.43,+16.058, +9.819,+0.977
1583607720,+3.43,+16.075, +9.819,+0.978
1583607780,+3.43,+16.067, +9.822,+0.978
1583607840,+3.43,+16.067, +9.820,+0.977
1583607900,+3.43,+16.050, +9.832,+0.977
1583607960,+3.43,+16.075, +9.824,+0.977
1583608020,+3.43,+16.067, +9.848,+0.978
1583608080,+3.43,+16.058, +9.848,+0.977
1583608140,+3.43,+16.067, +9.853,+0.978
1583608200,+3.43,+16.067, +9.850,+0.978
1583608260,+3.43,+16.075, +9.844,+0.977
1583608320,+3.43,+16.075, +9.840,+0.977
1583608380,+3.43,+16.067, +9.844,+0.978
1583608440,+3.43,+16.075, +9.844,+0.978
1583608500,+3.43,+16.067, +9.832,+0.977
1583608560,+3.43,+16.093, +9.831,+0.977
1583608620,+3.43,+16.093, +9.819,+0.977
1583608680,+3.43,+16.084, +9.830,+0.977
1583608740,+3.43,+16.093, +9.833,+0.977
1583608800,+3.43,+16.084, +9.830,+0.977
1583608860,+3.43,+16.093, +9.825,+0.977
1583608920,+3.43,+16.067, +9.828,+0.978
1583608980,+3.43,+16.093, +9.803,+0.977
1583609040,+3.43,+16.093, +9.810,+0.978
1583609100,+3.43,+16.093, +9.797,+0.977
1583609160,+3.43,+16.093, +9.800,+0.978
1583609220,+3.43,+16.101, +9.792,+0.977
1583609280,+3.43,+16.118, +9.807,+0.978
1583609340,+3.43,+16.084, +9.817,+0.977
1583609400,+3.43,+16.093, +9.816,+0.977
1583609460,+3.43,+16.101, +9.808,+0.977
1583609520,+3.43,+16.093, +9.826,+0.978
1583609580,+3.43,+16.101, +9.822,+0.978
1583609640,+3.43,+16.093, +9.827,+0.977
1583609700,+3.43,+16.093, +9.833,+0.977
1583609760,+3.43,+16.101, +9.843,+0.978
1583609820,+3.43,+16.118, +9.836,+0.978
1583609880,+3.43,+16.101, +9.841,+0.978
1583609940,+3.43,+16.110, +9.846,+0.978
1583610000,+3.43,+16.093, +9.845,+0.977
1583610060,+3.43,+16.110, +9.850,+0.977
1583610120,+3.43,+16.110, +9.863,+0.978
1583610180,+3.43,+16.093, +9.881,+0.978
1583610240,+3.43,+16.110, +9.893,+0.978
1583610300,+3.43,+16.127, +9.880,+0.978
1583610360,+3.43,+16.118, +9.880,+0.977
1583610420,+3.43,+16.110, +9.887,+0.977
1583610480,+3.43,+16.118, +9.888,+0.977
1583610540,+3.43,+16.118, +9.910,+0.978
1583610600,+3.43,+16.118, +9.911,+0.978
1583610660,+3.43,+16.101, +9.927,+0.978
1583610720,+3.43,+16.135, +9.907,+0.977
1583610780,+3.43,+16.127, +9.940,+0.978
1583610840,+3.43,+16.135, +9.947,+0.978
1583610900,+3.43,+16.144, +9.947,+0.978
1583610960,+3.43,+16.144, +9.953,+0.977
1583611020,+3.43,+16.161, +9.939,+0.977
1583611080,+3.43,+16.135, +9.940,+0.978
1583611140,+3.43,+16.135, +9.938,+0.977
1583611200,+3.43,+16.152, +9.942,+0.977
1583611260,+3.43,+16.144, +9.968,+0.978
1583611320,+3.43,+16.161, +9.972,+0.978
1583611380,+3.43,+16.161, +9.984,+0.978
1583611440,+3.43,+16.169, +9.998,+0.977
1583611500,+3.43,+16.178,+10.016,+0.978
1583611560,+3.43,+16.169,+10.036,+0.977
1583611620,+3.43,+16.186,+10.034,+0.977
1583611680,+3.43,+16.203,+10.053,+0.977
1583611740,+3.43,+16.203,+10.066,+0.977
1583611800,+3.43,+16.203,+10.060,+0.976
1583611860,+3.43,+16.195,+10.106,+0.977
1583611920,+3.43,+16.212,+10.124,+0.978
1583611980,+3.43,+16.203,+10.120,+0.977
1583612040,+3.43,+16.229,+10.112,+0.977
1583612100,+3.43,+16.212,+10.127,+0.977
1583612160,+3.43,+16.203,+10.146,+0.977
1583612220,+3.43,+16.220,+10.140,+0.976
1583612280,+3.43,+16.220,+10.163,+0.977
1583612340,+3.43,+16.238,+10.176,+0.977
1583612400,+3.43,+16.238,+10.175,+0.977
1583612460,+3.43,+16.229,+10.201,+0.977
1583612520,+3.43,+16.255,+10.182,+0.977
1583612580,+3.43,+16.255,+10.176,+0.976
1583612640,+3.43,+16.272,+10.184,+0.977
1583612700,+3.43,+16.263,+10.165,+0.977
1583612760,+3.43,+16.255,+10.142,+0.976
1583612820,+3.43,+16.280,+10.103,+0.976
1583612880,+3.43,+16.306,+10.067,+0.976
1583612940,+3.43,+16.297,+10.047,+0.977
1583613000,+3.43,+16.331,+10.001,+0.977
1583613060,+3.43,+16.331,+10.003,+0.977
1583613120,+3.43,+16.348, +9.970,+0.976
1583613180,+3.43,+16.357, +9.969,+0.976
1583613240,+3.43,+16.348,+10.036,+0.976
1583613300,+3.43,+16.357,+10.128,+0.976
1583613360,+3.43,+16.348,+10.249,+0.976
1583613420,+3.43,+16.365,+10.339,+0.976
1583613480,+3.43,+16.391,+10.257,+0.976
1583613540,+3.43,+16.391,+10.224,+0.976
1583613600,+3.43,+16.374,+10.166,+0.976
1583613660,+3.43,+16.399,+10.118,+0.977
1583613720,+3.43,+16.382,+10.112,+0.976
1583613780,+3.43,+16.391,+10.113,+0.976
1583613840,+3.43,+16.382,+10.107,+0.977
1583613900,+3.43,+16.382,+10.115,+0.976
1583613960,+3.43,+16.399,+10.136,+0.976
1583614020,+3.43,+16.408,+10.235,+0.976
1583614080,+3.43,+16.416,+10.228,+0.976
1583614140,+3.43,+16.416,+10.093,+0.976
1583614200,+3.43,+16.425,+10.046,+0.976
1583614260,+3.43,+16.442,+10.056,+0.977
1583614320,+3.43,+16.442,+10.046,+0.976
1583614380,+3.43,+16.442,+10.103,+0.976
1583614440,+3.43,+16.451,+10.177,+0.976
1583614500,+3.43,+16.451,+10.243,+0.976
1583614560,+3.43,+16.459,+10.289,+0.976
1583614620,+3.43,+16.468,+10.299,+0.975
1583614680,+3.43,+16.476,+10.352,+0.976
1583614740,+3.43,+16.476,+10.376,+0.976
1583614800,+3.43,+16.493,+10.387,+0.976
1583614860,+3.43,+16.527,+10.382,+0.976
1583614920,+3.43,+16.493,+10.391,+0.976
1583614980,+3.43,+16.502,+10.391,+0.976
1583615040,+3.43,+16.527,+10.427,+0.977
1583615100,+3.43,+16.502,+10.433,+0.976
1583615160,+3.43,+16.502,+10.436,+0.976
1583615220,+3.43,+16.519,+10.428,+0.976
1583615280,+3.43,+16.536,+10.435,+0.976
1583615340,+3.43,+16.519,+10.411,+0.975
1583615400,+3.43,+16.544,+10.412,+0.976
1583615460,+3.43,+16.536,+10.434,+0.976
1583615520,+3.43,+16.536,+10.410,+0.976
1583615580,+3.43,+16.553,+10.397,+0.976
1583615640,+3.43,+16.544,+10.361,+0.975
1583615700,+3.43,+16.561,+10.314,+0.976
1583615760,+3.43,+16.570,+10.303,+0.976
1583615820,+3.43,+16.570,+10.296,+0.976
1583615880,+3.43,+16.587,+10.274,+0.975
1583615940,+3.43,+16.595,+10.275,+0.976
1583616000,+3.43,+16.561,+10.162,+0.975
1583616060,+3.43,+16.578,+10.065,+0.975
1583616120,+3.43,+16.595,+10.029,+0.976
1583616180,+3.43,+16.595, +9.991,+0.975
1583616240,+3.43,+16.621, +9.978,+0.975
1583616300,+3.43,+16.604, +9.962,+0.976
1583616360,+3.43,+16.612, +9.924,+0.975
1583616420,+3.43,+16.604, +9.924,+0.975
1583616480,+3.43,+16.604, +9.931,+0.975
1583616540,+3.43,+16.629, +9.947,+0.976
1583616600,+3.43,+16.621, +9.952,+0.975
1583616660,+3.43,+16.621, +9.955,+0.976
1583616720,+3.43,+16.621, +9.955,+0.976
1583616780,+3.43,+16.595,+10.010,+0.977
1583616840,+3.43,+16.561,+10.066,+0.976
1583616900,+3.43,+16.544,+10.112,+0.976
1583616960,+3.43,+16.544,+10.153,+0.977
1583617020,+3.43,+16.536,+10.101,+0.975
1583617080,+3.43,+16.536,+10.082,+0.976
1583617140,+3.43,+16.527,+10.111,+0.976
1583617200,+3.43,+16.519,+10.144,+0.976
1583617260,+3.43,+16.527,+10.162,+0.977
1583617320,+3.43,+16.502,+10.166,+0.976
1583617380,+3.43,+16.502,+10.188,+0.977
1583617440,+3.43,+16.485,+10.172,+0.976
1583617500,+3.43,+16.493,+10.180,+0.977
1583617560,+3.43,+16.502,+10.182,+0.977
1583617620,+3.43,+16.485,+10.179,+0.976
1583617680,+3.43,+16.476,+10.184,+0.976
1583617740,+3.43,+16.485,+10.174,+0.976
1583617800,+3.43,+16.468,+10.206,+0.977
1583617860,+3.43,+16.476,+10.195,+0.977
1583617920,+3.43,+16.476,+10.201,+0.977
1583617980,+3.43,+16.451,+10.201,+0.976
1583618040,+3.43,+16.459,+10.222,+0.977
1583618100,+3.43,+16.459,+10.192,+0.976
1583618160,+3.43,+16.468,+10.178,+0.976
1583618220,+3.43,+16.476,+10.174,+0.976
1583618280,+3.43,+16.468,+10.179,+0.977
1583618340,+3.43,+16.468,+10.179,+0.977
1583618400,+3.43,+16.485,+10.170,+0.977
1583618460,+3.43,+16.493,+10.156,+0.976
1583618520,+3.43,+16.476,+10.184,+0.977
1583618580,+3.43,+16.510,+10.161,+0.977
1583618640,+3.43,+16.502,+10.170,+0.977
1583618700,+3.43,+16.519,+10.156,+0.976
1583618760,+3.43,+16.502,+10.146,+0.977
1583618820,+3.43,+16.519,+10.094,+0.977
1583618880,+3.43,+16.527,+10.098,+0.977
1583618940,+3.43,+16.519,+10.129,+0.976
1583619000,+3.43,+16.544,+10.161,+0.977
1583619060,+3.43,+16.519,+10.171,+0.976
1583619120,+3.43,+16.493,+10.179,+0.977
1583619180,+3.43,+16.502,+10.170,+0.977
1583619240,+3.43,+16.493,+10.144,+0.976
1583619300,+3.43,+16.493,+10.152,+0.977
1583619360,+3.43,+16.502,+10.123,+0.976
1583619420,+3.43,+16.502,+10.091,+0.977
1583619480,+3.43,+16.510,+10.042,+0.976
1583619540,+3.43,+16.536,+10.009,+0.976
